run_id,case,version,input_set,start_ts,end_ts,status,error_type,notes,commit_hash
iot-asis-A-0000-71FA1C,iot,as-is,A,2026-04-21T17:00:34.813622+00:00,2026-04-21T17:00:34.896014+00:00,success,,,a126311
iot-asis-A-0001-F753C0,iot,as-is,A,2026-04-21T17:00:34.998607+00:00,2026-04-21T17:00:35.071599+00:00,success,,,a126311
iot-asis-A-0002-8FFB1E,iot,as-is,A,2026-04-21T17:00:35.174101+00:00,2026-04-21T17:00:35.243974+00:00,success,,,a126311
iot-asis-A-0003-C563FD,iot,as-is,A,2026-04-21T17:00:35.346046+00:00,2026-04-21T17:00:35.428871+00:00,success,,,a126311
iot-asis-A-0004-78FDDD,iot,as-is,A,2026-04-21T17:00:35.530498+00:00,2026-04-21T17:00:35.604973+00:00,success,,,a126311
iot-asis-A-0005-0DB65E,iot,as-is,A,2026-04-21T17:00:35.707455+00:00,2026-04-21T17:00:35.781242+00:00,success,,,a126311
iot-asis-A-0006-5D8B68,iot,as-is,A,2026-04-21T17:00:35.886448+00:00,2026-04-21T17:00:35.959773+00:00,success,,,a126311
iot-asis-A-0007-CA68E4,iot,as-is,A,2026-04-21T17:00:36.062414+00:00,2026-04-21T17:00:36.158448+00:00,success,,,a126311
iot-asis-A-0008-B1D3D7,iot,as-is,A,2026-04-21T17:00:36.261639+00:00,2026-04-21T17:00:36.336888+00:00,success,,,a126311
iot-asis-A-0009-EB84AD,iot,as-is,A,2026-04-21T17:00:36.439375+00:00,2026-04-21T17:00:36.517844+00:00,success,,,a126311
iot-asis-A-0010-194044,iot,as-is,A,2026-04-21T17:00:36.620564+00:00,2026-04-21T17:00:36.694455+00:00,success,,,a126311
iot-asis-A-0011-5E1493,iot,as-is,A,2026-04-21T17:00:36.797708+00:00,2026-04-21T17:00:36.881651+00:00,success,,,a126311
iot-asis-A-0012-C1F1F9,iot,as-is,A,2026-04-21T17:00:36.983868+00:00,2026-04-21T17:00:37.058372+00:00,success,,,a126311
iot-asis-A-0013-877A89,iot,as-is,A,2026-04-21T17:00:37.161682+00:00,2026-04-21T17:00:37.235445+00:00,success,,,a126311
iot-asis-A-0014-B22251,iot,as-is,A,2026-04-21T17:00:37.337338+00:00,2026-04-21T17:00:37.415277+00:00,success,,,a126311
iot-asis-A-0015-F34281,iot,as-is,A,2026-04-21T17:00:37.516922+00:00,2026-04-21T17:00:37.588417+00:00,success,,,a126311
iot-asis-A-0016-A7B38E,iot,as-is,A,2026-04-21T17:00:37.690811+00:00,2026-04-21T17:00:37.773692+00:00,success,,,a126311
iot-asis-A-0017-3B453A,iot,as-is,A,2026-04-21T17:00:37.875854+00:00,2026-04-21T17:00:37.947350+00:00,success,,,a126311
iot-asis-A-0018-CEB691,iot,as-is,A,2026-04-21T17:00:38.049844+00:00,2026-04-21T17:00:38.140009+00:00,success,,,a126311
iot-asis-A-0019-023F5B,iot,as-is,A,2026-04-21T17:00:38.242268+00:00,2026-04-21T17:00:38.311494+00:00,success,,,a126311
iot-asis-A-0020-9A01BB,iot,as-is,A,2026-04-21T17:00:38.413462+00:00,2026-04-21T17:00:38.487203+00:00,success,,,a126311
iot-asis-A-0021-789569,iot,as-is,A,2026-04-21T17:00:38.589347+00:00,2026-04-21T17:00:38.658249+00:00,success,,,a126311
iot-asis-A-0022-E94CEC,iot,as-is,A,2026-04-21T17:00:38.761800+00:00,2026-04-21T17:00:38.849681+00:00,success,,,a126311
iot-asis-A-0023-EC20FD,iot,as-is,A,2026-04-21T17:00:38.952373+00:00,2026-04-21T17:00:39.022202+00:00,success,,,a126311
iot-asis-A-0024-412D98,iot,as-is,A,2026-04-21T17:00:39.123997+00:00,2026-04-21T17:00:39.197180+00:00,success,,,a126311
iot-asis-A-0025-F863E8,iot,as-is,A,2026-04-21T17:00:39.300295+00:00,2026-04-21T17:00:39.371326+00:00,success,,,a126311
iot-asis-A-0026-B709FF,iot,as-is,A,2026-04-21T17:00:39.472937+00:00,2026-04-21T17:00:39.563033+00:00,success,,,a126311
iot-asis-A-0027-C59943,iot,as-is,A,2026-04-21T17:00:39.665476+00:00,2026-04-21T17:00:39.733370+00:00,success,,,a126311
iot-asis-A-0028-17821F,iot,as-is,A,2026-04-21T17:00:39.835882+00:00,2026-04-21T17:00:39.925923+00:00,success,,,a126311
iot-asis-A-0029-6C448D,iot,as-is,A,2026-04-21T17:00:40.027588+00:00,2026-04-21T17:00:40.096831+00:00,success,,,a126311
iot-asis-A-0030-72AE4C,iot,as-is,A,2026-04-21T17:00:40.199120+00:00,2026-04-21T17:00:40.272826+00:00,success,,,a126311
iot-asis-A-0031-2729C0,iot,as-is,A,2026-04-21T17:00:40.374513+00:00,2026-04-21T17:00:40.461627+00:00,success,,,a126311
iot-asis-A-0032-A11D10,iot,as-is,A,2026-04-21T17:00:40.562931+00:00,2026-04-21T17:00:40.631112+00:00,success,,,a126311
iot-asis-A-0033-1EAE7F,iot,as-is,A,2026-04-21T17:00:40.733199+00:00,2026-04-21T17:00:40.823685+00:00,success,,,a126311
iot-asis-A-0034-E670C5,iot,as-is,A,2026-04-21T17:00:40.925470+00:00,2026-04-21T17:00:41.008833+00:00,success,,,a126311
iot-asis-A-0035-89BB96,iot,as-is,A,2026-04-21T17:00:41.110742+00:00,2026-04-21T17:00:41.193048+00:00,success,,,a126311
iot-asis-A-0036-9E48D7,iot,as-is,A,2026-04-21T17:00:41.294892+00:00,2026-04-21T17:00:41.368389+00:00,success,,,a126311
iot-asis-A-0037-5C16BD,iot,as-is,A,2026-04-21T17:00:41.470732+00:00,2026-04-21T17:00:41.575295+00:00,success,,,a126311
iot-asis-A-0038-61EABB,iot,as-is,A,2026-04-21T17:00:41.677265+00:00,2026-04-21T17:00:41.773347+00:00,success,,,a126311
iot-asis-A-0039-D86E58,iot,as-is,A,2026-04-21T17:00:41.875651+00:00,2026-04-21T17:00:41.965231+00:00,success,,,a126311
iot-asis-A-0040-709C30,iot,as-is,A,2026-04-21T17:00:42.068425+00:00,2026-04-21T17:00:42.145488+00:00,success,,,a126311
iot-asis-A-0041-A068B7,iot,as-is,A,2026-04-21T17:00:42.247179+00:00,2026-04-21T17:00:42.345476+00:00,success,,,a126311
iot-asis-A-0042-560417,iot,as-is,A,2026-04-21T17:00:42.447650+00:00,2026-04-21T17:00:42.525343+00:00,success,,,a126311
iot-asis-A-0043-45DDDE,iot,as-is,A,2026-04-21T17:00:42.626857+00:00,2026-04-21T17:00:42.716418+00:00,success,,,a126311
iot-asis-A-0044-6C39B4,iot,as-is,A,2026-04-21T17:00:42.818856+00:00,2026-04-21T17:00:42.887987+00:00,success,,,a126311
iot-asis-A-0045-F65B84,iot,as-is,A,2026-04-21T17:00:42.989938+00:00,2026-04-21T17:00:43.068523+00:00,success,,,a126311
iot-asis-A-0046-3AB5CA,iot,as-is,A,2026-04-21T17:00:43.170225+00:00,2026-04-21T17:00:43.255926+00:00,success,,,a126311
iot-asis-A-0047-1C8B44,iot,as-is,A,2026-04-21T17:00:43.357514+00:00,2026-04-21T17:00:43.441876+00:00,success,,,a126311
iot-asis-A-0048-8604D0,iot,as-is,A,2026-04-21T17:00:43.544661+00:00,2026-04-21T17:00:43.627796+00:00,success,,,a126311
iot-asis-A-0049-E12BE6,iot,as-is,A,2026-04-21T17:00:43.730349+00:00,2026-04-21T17:00:43.802002+00:00,success,,,a126311
iot-asis-A-0050-03FEFB,iot,as-is,A,2026-04-21T17:00:43.904483+00:00,2026-04-21T17:00:43.982073+00:00,success,,,a126311
iot-asis-A-0051-6CADEA,iot,as-is,A,2026-04-21T17:00:44.084611+00:00,2026-04-21T17:00:44.169958+00:00,success,,,a126311
iot-asis-A-0052-889299,iot,as-is,A,2026-04-21T17:00:44.271415+00:00,2026-04-21T17:00:44.357260+00:00,success,,,a126311
iot-asis-A-0053-E4F5A6,iot,as-is,A,2026-04-21T17:00:44.459704+00:00,2026-04-21T17:00:44.530445+00:00,success,,,a126311
iot-asis-A-0054-7B32FC,iot,as-is,A,2026-04-21T17:00:44.632437+00:00,2026-04-21T17:00:44.703297+00:00,success,,,a126311
iot-asis-A-0055-9F5EED,iot,as-is,A,2026-04-21T17:00:44.805118+00:00,2026-04-21T17:00:44.876424+00:00,success,,,a126311
iot-asis-A-0056-1C5FDA,iot,as-is,A,2026-04-21T17:00:44.978602+00:00,2026-04-21T17:00:45.052516+00:00,success,,,a126311
iot-asis-A-0057-59D84C,iot,as-is,A,2026-04-21T17:00:45.154395+00:00,2026-04-21T17:00:45.240409+00:00,success,,,a126311
iot-asis-A-0058-DA058A,iot,as-is,A,2026-04-21T17:00:45.343180+00:00,2026-04-21T17:00:45.414450+00:00,success,,,a126311
iot-asis-A-0059-BB3732,iot,as-is,A,2026-04-21T17:00:45.516797+00:00,2026-04-21T17:00:45.587622+00:00,success,,,a126311
iot-asis-A-0060-DE6475,iot,as-is,A,2026-04-21T17:00:45.689612+00:00,2026-04-21T17:00:45.760069+00:00,success,,,a126311
iot-asis-A-0061-8F2DFF,iot,as-is,A,2026-04-21T17:00:45.862390+00:00,2026-04-21T17:00:45.933889+00:00,success,,,a126311
iot-asis-A-0062-59A338,iot,as-is,A,2026-04-21T17:00:46.035543+00:00,2026-04-21T17:00:46.110157+00:00,success,,,a126311
iot-asis-A-0063-109795,iot,as-is,A,2026-04-21T17:00:46.214433+00:00,2026-04-21T17:00:46.301745+00:00,success,,,a126311
iot-asis-A-0064-79DBB4,iot,as-is,A,2026-04-21T17:00:46.403827+00:00,2026-04-21T17:00:46.504512+00:00,success,,,a126311
iot-asis-A-0065-F0398E,iot,as-is,A,2026-04-21T17:00:46.606251+00:00,2026-04-21T17:00:46.677199+00:00,success,,,a126311
iot-asis-A-0066-713B46,iot,as-is,A,2026-04-21T17:00:46.780221+00:00,2026-04-21T17:00:46.851451+00:00,success,,,a126311
iot-asis-A-0067-528C64,iot,as-is,A,2026-04-21T17:00:46.953901+00:00,2026-04-21T17:00:47.025138+00:00,success,,,a126311
iot-asis-A-0068-7521F6,iot,as-is,A,2026-04-21T17:00:47.126985+00:00,2026-04-21T17:00:47.209907+00:00,success,,,a126311
iot-asis-A-0069-2AD406,iot,as-is,A,2026-04-21T17:00:47.311823+00:00,2026-04-21T17:00:47.397824+00:00,success,,,a126311
iot-asis-A-0070-E591D0,iot,as-is,A,2026-04-21T17:00:47.500063+00:00,2026-04-21T17:00:47.570903+00:00,success,,,a126311
iot-asis-A-0071-DAEAC2,iot,as-is,A,2026-04-21T17:00:47.673050+00:00,2026-04-21T17:00:47.742723+00:00,success,,,a126311
iot-asis-A-0072-8416C4,iot,as-is,A,2026-04-21T17:00:47.844775+00:00,2026-04-21T17:00:47.913801+00:00,success,,,a126311
iot-asis-A-0073-DC4D6C,iot,as-is,A,2026-04-21T17:00:48.015769+00:00,2026-04-21T17:00:48.097969+00:00,success,,,a126311
iot-asis-A-0074-B16667,iot,as-is,A,2026-04-21T17:00:48.200192+00:00,2026-04-21T17:00:48.266320+00:00,success,,,a126311
iot-asis-A-0075-89E157,iot,as-is,A,2026-04-21T17:00:48.368014+00:00,2026-04-21T17:00:48.442782+00:00,success,,,a126311
iot-asis-A-0076-7868A8,iot,as-is,A,2026-04-21T17:00:48.545081+00:00,2026-04-21T17:00:48.613630+00:00,success,,,a126311
iot-asis-A-0077-1FA690,iot,as-is,A,2026-04-21T17:00:48.716018+00:00,2026-04-21T17:00:48.784798+00:00,success,,,a126311
iot-asis-A-0078-4A2D84,iot,as-is,A,2026-04-21T17:00:48.886554+00:00,2026-04-21T17:00:48.978687+00:00,success,,,a126311
iot-asis-A-0079-5D0808,iot,as-is,A,2026-04-21T17:00:49.080913+00:00,2026-04-21T17:00:49.164529+00:00,success,,,a126311
iot-asis-A-0080-35B39A,iot,as-is,A,2026-04-21T17:00:49.266458+00:00,2026-04-21T17:00:49.334383+00:00,success,,,a126311
iot-asis-A-0081-E14887,iot,as-is,A,2026-04-21T17:00:49.436271+00:00,2026-04-21T17:00:49.503695+00:00,success,,,a126311
iot-asis-A-0082-115E93,iot,as-is,A,2026-04-21T17:00:49.606374+00:00,2026-04-21T17:00:49.697164+00:00,success,,,a126311
iot-asis-A-0083-A9D020,iot,as-is,A,2026-04-21T17:00:49.799356+00:00,2026-04-21T17:00:49.869051+00:00,success,,,a126311
iot-asis-A-0084-009861,iot,as-is,A,2026-04-21T17:00:49.970854+00:00,2026-04-21T17:00:50.041451+00:00,success,,,a126311
iot-asis-A-0085-A11137,iot,as-is,A,2026-04-21T17:00:50.143661+00:00,2026-04-21T17:00:50.225693+00:00,success,,,a126311
iot-asis-A-0086-C8F76F,iot,as-is,A,2026-04-21T17:00:50.328890+00:00,2026-04-21T17:00:50.399489+00:00,success,,,a126311
iot-asis-A-0087-223B1E,iot,as-is,A,2026-04-21T17:00:50.501694+00:00,2026-04-21T17:00:50.575957+00:00,success,,,a126311
iot-asis-A-0088-44D9A7,iot,as-is,A,2026-04-21T17:00:50.677710+00:00,2026-04-21T17:00:50.768668+00:00,success,,,a126311
iot-asis-A-0089-1DD182,iot,as-is,A,2026-04-21T17:00:50.870815+00:00,2026-04-21T17:00:50.951247+00:00,success,,,a126311
iot-asis-A-0090-752F98,iot,as-is,A,2026-04-21T17:00:51.053280+00:00,2026-04-21T17:00:51.142319+00:00,success,,,a126311
iot-asis-A-0091-A33EAF,iot,as-is,A,2026-04-21T17:00:51.244370+00:00,2026-04-21T17:00:51.322045+00:00,success,,,a126311
iot-asis-A-0092-864A71,iot,as-is,A,2026-04-21T17:00:51.424151+00:00,2026-04-21T17:00:51.509753+00:00,success,,,a126311
iot-asis-A-0093-A02BD4,iot,as-is,A,2026-04-21T17:00:51.612000+00:00,2026-04-21T17:00:51.680830+00:00,success,,,a126311
iot-asis-A-0094-F8758B,iot,as-is,A,2026-04-21T17:00:51.783013+00:00,2026-04-21T17:00:51.870626+00:00,success,,,a126311
iot-asis-A-0095-0E8A00,iot,as-is,A,2026-04-21T17:00:51.973958+00:00,2026-04-21T17:00:52.052951+00:00,success,,,a126311
iot-asis-A-0096-892BA4,iot,as-is,A,2026-04-21T17:00:52.156004+00:00,2026-04-21T17:00:52.235721+00:00,success,,,a126311
iot-asis-A-0097-756B43,iot,as-is,A,2026-04-21T17:00:52.337689+00:00,2026-04-21T17:00:52.408778+00:00,success,,,a126311
iot-asis-A-0098-A4F01C,iot,as-is,A,2026-04-21T17:00:52.511255+00:00,2026-04-21T17:00:52.592110+00:00,success,,,a126311
iot-asis-A-0099-3D9B20,iot,as-is,A,2026-04-21T17:00:52.694373+00:00,2026-04-21T17:00:52.782427+00:00,success,,,a126311
iot-asis-A-0100-A69A00,iot,as-is,A,2026-04-21T17:00:52.884273+00:00,2026-04-21T17:00:52.954514+00:00,success,,,a126311
iot-asis-A-0101-30E85E,iot,as-is,A,2026-04-21T17:00:53.056336+00:00,2026-04-21T17:00:53.135984+00:00,success,,,a126311
iot-asis-A-0102-589AB7,iot,as-is,A,2026-04-21T17:00:53.237908+00:00,2026-04-21T17:00:53.318887+00:00,success,,,a126311
iot-asis-A-0103-1D8BDC,iot,as-is,A,2026-04-21T17:00:53.421963+00:00,2026-04-21T17:00:53.498134+00:00,success,,,a126311
iot-asis-A-0104-76E9CF,iot,as-is,A,2026-04-21T17:00:53.600047+00:00,2026-04-21T17:00:53.681898+00:00,success,,,a126311
iot-asis-A-0105-2CD315,iot,as-is,A,2026-04-21T17:00:53.783825+00:00,2026-04-21T17:00:53.890143+00:00,success,,,a126311
iot-asis-A-0106-7891AD,iot,as-is,A,2026-04-21T17:00:53.991932+00:00,2026-04-21T17:00:54.066600+00:00,success,,,a126311
iot-asis-A-0107-D0C2E9,iot,as-is,A,2026-04-21T17:00:54.170418+00:00,2026-04-21T17:00:54.259361+00:00,success,,,a126311
iot-asis-A-0108-D0C095,iot,as-is,A,2026-04-21T17:00:54.360855+00:00,2026-04-21T17:00:54.434092+00:00,success,,,a126311
iot-asis-A-0109-B89F7D,iot,as-is,A,2026-04-21T17:00:54.536134+00:00,2026-04-21T17:00:54.604247+00:00,success,,,a126311
iot-asis-A-0110-9B30E4,iot,as-is,A,2026-04-21T17:00:54.706213+00:00,2026-04-21T17:00:54.789033+00:00,success,,,a126311
iot-asis-A-0111-65DA20,iot,as-is,A,2026-04-21T17:00:54.891214+00:00,2026-04-21T17:00:54.968134+00:00,success,,,a126311
iot-asis-A-0112-787068,iot,as-is,A,2026-04-21T17:00:55.070136+00:00,2026-04-21T17:00:55.153168+00:00,success,,,a126311
iot-asis-A-0113-71B45E,iot,as-is,A,2026-04-21T17:00:55.255355+00:00,2026-04-21T17:00:55.341269+00:00,success,,,a126311
iot-asis-A-0114-402B95,iot,as-is,A,2026-04-21T17:00:55.442950+00:00,2026-04-21T17:00:55.528108+00:00,success,,,a126311
iot-asis-A-0115-10CB83,iot,as-is,A,2026-04-21T17:00:55.630234+00:00,2026-04-21T17:00:55.719036+00:00,success,,,a126311
iot-asis-A-0116-99125C,iot,as-is,A,2026-04-21T17:00:55.821021+00:00,2026-04-21T17:00:55.900224+00:00,success,,,a126311
iot-asis-A-0117-D360BF,iot,as-is,A,2026-04-21T17:00:56.002152+00:00,2026-04-21T17:00:56.087941+00:00,success,,,a126311
iot-asis-A-0118-3DAD40,iot,as-is,A,2026-04-21T17:00:56.189707+00:00,2026-04-21T17:00:56.265504+00:00,success,,,a126311
iot-asis-A-0119-7F82CD,iot,as-is,A,2026-04-21T17:00:56.367899+00:00,2026-04-21T17:00:56.457406+00:00,success,,,a126311
iot-asis-A-0120-BABD78,iot,as-is,A,2026-04-21T17:00:56.559519+00:00,2026-04-21T17:00:56.627692+00:00,success,,,a126311
iot-asis-A-0121-579A18,iot,as-is,A,2026-04-21T17:00:56.730043+00:00,2026-04-21T17:00:56.793768+00:00,success,,,a126311
iot-asis-A-0122-6FCB46,iot,as-is,A,2026-04-21T17:00:56.895871+00:00,2026-04-21T17:00:56.973785+00:00,success,,,a126311
iot-asis-A-0123-8DDE26,iot,as-is,A,2026-04-21T17:00:57.075656+00:00,2026-04-21T17:00:57.149985+00:00,success,,,a126311
iot-asis-A-0124-67A03B,iot,as-is,A,2026-04-21T17:00:57.252162+00:00,2026-04-21T17:00:57.341614+00:00,success,,,a126311
iot-asis-A-0125-26E36B,iot,as-is,A,2026-04-21T17:00:57.443725+00:00,2026-04-21T17:00:57.530292+00:00,success,,,a126311
iot-asis-A-0126-5B3754,iot,as-is,A,2026-04-21T17:00:57.632755+00:00,2026-04-21T17:00:57.724489+00:00,success,,,a126311
iot-asis-A-0127-7A9055,iot,as-is,A,2026-04-21T17:00:57.826703+00:00,2026-04-21T17:00:57.897008+00:00,success,,,a126311
iot-asis-A-0128-F22369,iot,as-is,A,2026-04-21T17:00:57.998753+00:00,2026-04-21T17:00:58.069427+00:00,success,,,a126311
iot-asis-A-0129-CC1770,iot,as-is,A,2026-04-21T17:00:58.171880+00:00,2026-04-21T17:00:58.244193+00:00,success,,,a126311
iot-asis-A-0130-F741A3,iot,as-is,A,2026-04-21T17:00:58.346548+00:00,2026-04-21T17:00:58.433609+00:00,success,,,a126311
iot-asis-A-0131-226346,iot,as-is,A,2026-04-21T17:00:58.535919+00:00,2026-04-21T17:00:58.605869+00:00,success,,,a126311
iot-asis-A-0132-642D82,iot,as-is,A,2026-04-21T17:00:58.708116+00:00,2026-04-21T17:00:58.778016+00:00,success,,,a126311
iot-asis-A-0133-ACB6CF,iot,as-is,A,2026-04-21T17:00:58.880347+00:00,2026-04-21T17:00:58.956281+00:00,success,,,a126311
iot-asis-A-0134-FF83E6,iot,as-is,A,2026-04-21T17:00:59.058245+00:00,2026-04-21T17:00:59.150345+00:00,success,,,a126311
iot-asis-A-0135-4EA28A,iot,as-is,A,2026-04-21T17:00:59.252717+00:00,2026-04-21T17:00:59.359405+00:00,success,,,a126311
iot-asis-A-0136-D36302,iot,as-is,A,2026-04-21T17:00:59.461168+00:00,2026-04-21T17:00:59.552676+00:00,success,,,a126311
iot-asis-A-0137-A4EEA4,iot,as-is,A,2026-04-21T17:00:59.654712+00:00,2026-04-21T17:00:59.739269+00:00,success,,,a126311
iot-asis-A-0138-44E097,iot,as-is,A,2026-04-21T17:00:59.842203+00:00,2026-04-21T17:00:59.914695+00:00,success,,,a126311
iot-asis-A-0139-73A05D,iot,as-is,A,2026-04-21T17:01:00.016960+00:00,2026-04-21T17:01:00.089296+00:00,success,,,a126311
iot-asis-A-0140-F7983A,iot,as-is,A,2026-04-21T17:01:00.190825+00:00,2026-04-21T17:01:00.289750+00:00,success,,,a126311
iot-asis-A-0141-D7ECE8,iot,as-is,A,2026-04-21T17:01:00.392165+00:00,2026-04-21T17:01:00.481080+00:00,success,,,a126311
iot-asis-A-0142-C8195F,iot,as-is,A,2026-04-21T17:01:00.583140+00:00,2026-04-21T17:01:00.663856+00:00,success,,,a126311
iot-asis-A-0143-DF5613,iot,as-is,A,2026-04-21T17:01:00.766346+00:00,2026-04-21T17:01:00.856959+00:00,success,,,a126311
iot-asis-A-0144-6B7175,iot,as-is,A,2026-04-21T17:01:00.959504+00:00,2026-04-21T17:01:01.031988+00:00,success,,,a126311
iot-asis-A-0145-7398B1,iot,as-is,A,2026-04-21T17:01:01.133930+00:00,2026-04-21T17:01:01.211320+00:00,success,,,a126311
iot-asis-A-0146-735914,iot,as-is,A,2026-04-21T17:01:01.313883+00:00,2026-04-21T17:01:01.385692+00:00,success,,,a126311
iot-asis-A-0147-488183,iot,as-is,A,2026-04-21T17:01:01.487425+00:00,2026-04-21T17:01:01.577640+00:00,success,,,a126311
iot-asis-A-0148-03E66E,iot,as-is,A,2026-04-21T17:01:01.679829+00:00,2026-04-21T17:01:01.759623+00:00,success,,,a126311
iot-asis-A-0149-2A9173,iot,as-is,A,2026-04-21T17:01:01.862035+00:00,2026-04-21T17:01:01.958899+00:00,success,,,a126311
iot-asis-A-0150-D9516A,iot,as-is,A,2026-04-21T17:01:02.060925+00:00,2026-04-21T17:01:02.136767+00:00,success,,,a126311
iot-asis-A-0151-0A1A95,iot,as-is,A,2026-04-21T17:01:02.238962+00:00,2026-04-21T17:01:02.332648+00:00,success,,,a126311
iot-asis-A-0152-B2BB13,iot,as-is,A,2026-04-21T17:01:02.435374+00:00,2026-04-21T17:01:02.528545+00:00,success,,,a126311
iot-asis-A-0153-13DB5F,iot,as-is,A,2026-04-21T17:01:02.630814+00:00,2026-04-21T17:01:02.723544+00:00,success,,,a126311
iot-asis-A-0154-B573FD,iot,as-is,A,2026-04-21T17:01:02.826193+00:00,2026-04-21T17:01:02.901046+00:00,success,,,a126311
iot-asis-A-0155-B3EBE0,iot,as-is,A,2026-04-21T17:01:03.003013+00:00,2026-04-21T17:01:03.085878+00:00,success,,,a126311
iot-asis-A-0156-42C3D9,iot,as-is,A,2026-04-21T17:01:03.187654+00:00,2026-04-21T17:01:03.279801+00:00,success,,,a126311
iot-asis-A-0157-8CDB37,iot,as-is,A,2026-04-21T17:01:03.381566+00:00,2026-04-21T17:01:03.466535+00:00,success,,,a126311
iot-asis-A-0158-D5CE42,iot,as-is,A,2026-04-21T17:01:03.569639+00:00,2026-04-21T17:01:03.643638+00:00,success,,,a126311
iot-asis-A-0159-4F70D7,iot,as-is,A,2026-04-21T17:01:03.746032+00:00,2026-04-21T17:01:03.814122+00:00,success,,,a126311
iot-asis-A-0160-E54589,iot,as-is,A,2026-04-21T17:01:03.916518+00:00,2026-04-21T17:01:03.992625+00:00,success,,,a126311
iot-asis-A-0161-BB959E,iot,as-is,A,2026-04-21T17:01:04.094396+00:00,2026-04-21T17:01:04.218615+00:00,success,,,a126311
iot-asis-A-0162-31530D,iot,as-is,A,2026-04-21T17:01:04.320849+00:00,2026-04-21T17:01:04.419516+00:00,success,,,a126311
iot-asis-A-0163-04A473,iot,as-is,A,2026-04-21T17:01:04.522178+00:00,2026-04-21T17:01:04.608341+00:00,success,,,a126311
iot-asis-A-0164-1A0331,iot,as-is,A,2026-04-21T17:01:04.710438+00:00,2026-04-21T17:01:04.782342+00:00,success,,,a126311
iot-asis-A-0165-29F189,iot,as-is,A,2026-04-21T17:01:04.884551+00:00,2026-04-21T17:01:04.976733+00:00,success,,,a126311
iot-asis-A-0166-B8A239,iot,as-is,A,2026-04-21T17:01:05.079388+00:00,2026-04-21T17:01:05.175118+00:00,success,,,a126311
iot-asis-A-0167-C1BFEB,iot,as-is,A,2026-04-21T17:01:05.277045+00:00,2026-04-21T17:01:05.368303+00:00,success,,,a126311
iot-asis-A-0168-481CB8,iot,as-is,A,2026-04-21T17:01:05.470164+00:00,2026-04-21T17:01:05.540014+00:00,success,,,a126311
iot-asis-A-0169-F60A9D,iot,as-is,A,2026-04-21T17:01:05.642315+00:00,2026-04-21T17:01:05.726112+00:00,success,,,a126311
iot-asis-A-0170-505038,iot,as-is,A,2026-04-21T17:01:05.828510+00:00,2026-04-21T17:01:05.899325+00:00,success,,,a126311
iot-asis-A-0171-D75B13,iot,as-is,A,2026-04-21T17:01:06.000851+00:00,2026-04-21T17:01:06.073787+00:00,success,,,a126311
iot-asis-A-0172-533FC9,iot,as-is,A,2026-04-21T17:01:06.175496+00:00,2026-04-21T17:01:06.258744+00:00,success,,,a126311
iot-asis-A-0173-428549,iot,as-is,A,2026-04-21T17:01:06.360895+00:00,2026-04-21T17:01:06.427011+00:00,success,,,a126311
iot-asis-A-0174-2E68B8,iot,as-is,A,2026-04-21T17:01:06.529043+00:00,2026-04-21T17:01:06.598024+00:00,success,,,a126311
iot-asis-A-0175-CC1731,iot,as-is,A,2026-04-21T17:01:06.700297+00:00,2026-04-21T17:01:06.783892+00:00,success,,,a126311
iot-asis-A-0176-9D2E72,iot,as-is,A,2026-04-21T17:01:06.886023+00:00,2026-04-21T17:01:06.963325+00:00,success,,,a126311
iot-asis-A-0177-DFD69B,iot,as-is,A,2026-04-21T17:01:07.065151+00:00,2026-04-21T17:01:07.147245+00:00,success,,,a126311
iot-asis-A-0178-25C27E,iot,as-is,A,2026-04-21T17:01:07.249474+00:00,2026-04-21T17:01:07.335603+00:00,success,,,a126311
iot-asis-A-0179-EE155D,iot,as-is,A,2026-04-21T17:01:07.437945+00:00,2026-04-21T17:01:07.503687+00:00,success,,,a126311
iot-asis-A-0180-0224BE,iot,as-is,A,2026-04-21T17:01:07.605336+00:00,2026-04-21T17:01:07.682848+00:00,success,,,a126311
iot-asis-A-0181-3F5A0B,iot,as-is,A,2026-04-21T17:01:07.784801+00:00,2026-04-21T17:01:07.888468+00:00,success,,,a126311
iot-asis-A-0182-B81E1A,iot,as-is,A,2026-04-21T17:01:07.991459+00:00,2026-04-21T17:01:08.077656+00:00,success,,,a126311
iot-asis-A-0183-13F991,iot,as-is,A,2026-04-21T17:01:08.179775+00:00,2026-04-21T17:01:08.257908+00:00,success,,,a126311
iot-asis-A-0184-D7F877,iot,as-is,A,2026-04-21T17:01:08.360061+00:00,2026-04-21T17:01:08.428241+00:00,success,,,a126311
iot-asis-A-0185-B9492A,iot,as-is,A,2026-04-21T17:01:08.531019+00:00,2026-04-21T17:01:08.624122+00:00,success,,,a126311
iot-asis-A-0186-E29FFA,iot,as-is,A,2026-04-21T17:01:08.726171+00:00,2026-04-21T17:01:08.795728+00:00,success,,,a126311
iot-asis-A-0187-09DC46,iot,as-is,A,2026-04-21T17:01:08.897236+00:00,2026-04-21T17:01:08.985157+00:00,success,,,a126311
iot-asis-A-0188-24B13C,iot,as-is,A,2026-04-21T17:01:09.087306+00:00,2026-04-21T17:01:09.154252+00:00,success,,,a126311
iot-asis-A-0189-DD9174,iot,as-is,A,2026-04-21T17:01:09.256358+00:00,2026-04-21T17:01:09.344894+00:00,success,,,a126311
iot-asis-A-0190-F89309,iot,as-is,A,2026-04-21T17:01:09.447236+00:00,2026-04-21T17:01:09.527149+00:00,success,,,a126311
iot-asis-A-0191-59E272,iot,as-is,A,2026-04-21T17:01:09.629043+00:00,2026-04-21T17:01:09.726237+00:00,success,,,a126311
iot-asis-A-0192-E32570,iot,as-is,A,2026-04-21T17:01:09.827962+00:00,2026-04-21T17:01:09.904947+00:00,success,,,a126311
iot-asis-A-0193-1A5081,iot,as-is,A,2026-04-21T17:01:10.006661+00:00,2026-04-21T17:01:10.092435+00:00,success,,,a126311
iot-asis-A-0194-612CB6,iot,as-is,A,2026-04-21T17:01:10.194795+00:00,2026-04-21T17:01:10.267835+00:00,success,,,a126311
iot-asis-A-0195-D2CF57,iot,as-is,A,2026-04-21T17:01:10.370071+00:00,2026-04-21T17:01:10.447330+00:00,success,,,a126311
iot-asis-A-0196-7EC957,iot,as-is,A,2026-04-21T17:01:10.549036+00:00,2026-04-21T17:01:10.615691+00:00,success,,,a126311
iot-asis-A-0197-D2DC91,iot,as-is,A,2026-04-21T17:01:10.717575+00:00,2026-04-21T17:01:10.790446+00:00,success,,,a126311
iot-asis-A-0198-12CA7D,iot,as-is,A,2026-04-21T17:01:10.892953+00:00,2026-04-21T17:01:10.972645+00:00,success,,,a126311
iot-asis-A-0199-59BA41,iot,as-is,A,2026-04-21T17:01:11.074665+00:00,2026-04-21T17:01:11.164855+00:00,success,,,a126311
iot-asis-B-0000-C96A49,iot,as-is,B,2026-04-21T17:01:11.269309+00:00,2026-04-21T17:01:11.339581+00:00,success,,,a126311
iot-asis-B-0001-3078D4,iot,as-is,B,2026-04-21T17:01:11.441535+00:00,2026-04-21T17:01:11.538351+00:00,success,,,a126311
iot-asis-B-0002-BD0C6B,iot,as-is,B,2026-04-21T17:01:11.640574+00:00,2026-04-21T17:01:11.733365+00:00,success,,,a126311
iot-asis-B-0003-3B6DE0,iot,as-is,B,2026-04-21T17:01:11.835248+00:00,2026-04-21T17:01:11.929001+00:00,success,,,a126311
iot-asis-B-0004-73FEE4,iot,as-is,B,2026-04-21T17:01:12.030836+00:00,2026-04-21T17:01:12.117197+00:00,success,,,a126311
iot-asis-B-0005-AA1011,iot,as-is,B,2026-04-21T17:01:12.219459+00:00,2026-04-21T17:01:12.301616+00:00,success,,,a126311
iot-asis-B-0006-F1C6A3,iot,as-is,B,2026-04-21T17:01:12.405335+00:00,2026-04-21T17:01:12.510820+00:00,success,,,a126311
iot-asis-B-0007-251976,iot,as-is,B,2026-04-21T17:01:12.613502+00:00,2026-04-21T17:01:12.698305+00:00,success,,,a126311
iot-asis-B-0008-888F9E,iot,as-is,B,2026-04-21T17:01:12.800416+00:00,2026-04-21T17:01:12.872623+00:00,success,,,a126311
iot-asis-B-0009-F96004,iot,as-is,B,2026-04-21T17:01:12.975218+00:00,2026-04-21T17:01:13.039971+00:00,success,,,a126311
iot-asis-B-0010-B4B23F,iot,as-is,B,2026-04-21T17:01:13.141750+00:00,2026-04-21T17:01:13.227440+00:00,success,,,a126311
iot-asis-B-0011-EA29C7,iot,as-is,B,2026-04-21T17:01:13.329556+00:00,2026-04-21T17:01:13.395076+00:00,success,,,a126311
iot-asis-B-0012-F27879,iot,as-is,B,2026-04-21T17:01:13.496910+00:00,2026-04-21T17:01:13.574618+00:00,success,,,a126311
iot-asis-B-0013-A9DA34,iot,as-is,B,2026-04-21T17:01:13.676040+00:00,2026-04-21T17:01:13.763883+00:00,success,,,a126311
iot-asis-B-0014-DDA2DF,iot,as-is,B,2026-04-21T17:01:13.865902+00:00,2026-04-21T17:01:13.934377+00:00,success,,,a126311
iot-asis-B-0015-EFF90E,iot,as-is,B,2026-04-21T17:01:14.036521+00:00,2026-04-21T17:01:14.107405+00:00,success,,,a126311
iot-asis-B-0016-8FBF8B,iot,as-is,B,2026-04-21T17:01:14.209742+00:00,2026-04-21T17:01:14.281723+00:00,success,,,a126311
iot-asis-B-0017-816AEC,iot,as-is,B,2026-04-21T17:01:14.384216+00:00,2026-04-21T17:01:14.457281+00:00,success,,,a126311
iot-asis-B-0018-80682C,iot,as-is,B,2026-04-21T17:01:14.558931+00:00,2026-04-21T17:01:14.631355+00:00,success,,,a126311
iot-asis-B-0019-FE6F7C,iot,as-is,B,2026-04-21T17:01:14.733621+00:00,2026-04-21T17:01:14.807836+00:00,success,,,a126311
iot-asis-B-0020-EAA5E8,iot,as-is,B,2026-04-21T17:01:14.909991+00:00,2026-04-21T17:01:14.985466+00:00,success,,,a126311
iot-asis-B-0021-CF7EA1,iot,as-is,B,2026-04-21T17:01:15.087958+00:00,2026-04-21T17:01:15.155039+00:00,success,,,a126311
iot-asis-B-0022-BF4D46,iot,as-is,B,2026-04-21T17:01:15.257588+00:00,2026-04-21T17:01:15.340334+00:00,success,,,a126311
iot-asis-B-0023-2C17B7,iot,as-is,B,2026-04-21T17:01:15.442458+00:00,2026-04-21T17:01:15.513752+00:00,success,,,a126311
iot-asis-B-0024-5734B2,iot,as-is,B,2026-04-21T17:01:15.616035+00:00,2026-04-21T17:01:15.694849+00:00,success,,,a126311
iot-asis-B-0025-2A46D2,iot,as-is,B,2026-04-21T17:01:15.797040+00:00,2026-04-21T17:01:15.882807+00:00,success,,,a126311
iot-asis-B-0026-CD7105,iot,as-is,B,2026-04-21T17:01:15.985003+00:00,2026-04-21T17:01:16.076754+00:00,success,,,a126311
iot-asis-B-0027-09592C,iot,as-is,B,2026-04-21T17:01:16.178742+00:00,2026-04-21T17:01:16.258047+00:00,success,,,a126311
iot-asis-B-0028-18BCA1,iot,as-is,B,2026-04-21T17:01:16.360649+00:00,2026-04-21T17:01:16.438612+00:00,success,,,a126311
iot-asis-B-0029-8A2EEC,iot,as-is,B,2026-04-21T17:01:16.541312+00:00,2026-04-21T17:01:16.628107+00:00,success,,,a126311
iot-asis-B-0030-8BEDE9,iot,as-is,B,2026-04-21T17:01:16.730747+00:00,2026-04-21T17:01:16.800854+00:00,success,,,a126311
iot-asis-B-0031-598D7D,iot,as-is,B,2026-04-21T17:01:16.903263+00:00,2026-04-21T17:01:16.973478+00:00,success,,,a126311
iot-asis-B-0032-E031DA,iot,as-is,B,2026-04-21T17:01:17.075376+00:00,2026-04-21T17:01:17.144593+00:00,success,,,a126311
iot-asis-B-0033-F300AD,iot,as-is,B,2026-04-21T17:01:17.246581+00:00,2026-04-21T17:01:17.333937+00:00,success,,,a126311
iot-asis-B-0034-119B78,iot,as-is,B,2026-04-21T17:01:17.436721+00:00,2026-04-21T17:01:17.526145+00:00,success,,,a126311
iot-asis-B-0035-DB3504,iot,as-is,B,2026-04-21T17:01:17.628352+00:00,2026-04-21T17:01:17.713922+00:00,success,,,a126311
iot-asis-B-0036-15D9D6,iot,as-is,B,2026-04-21T17:01:17.816480+00:00,2026-04-21T17:01:17.904151+00:00,success,,,a126311
iot-asis-B-0037-1C6F08,iot,as-is,B,2026-04-21T17:01:18.006481+00:00,2026-04-21T17:01:18.089026+00:00,success,,,a126311
iot-asis-B-0038-DCC950,iot,as-is,B,2026-04-21T17:01:18.191294+00:00,2026-04-21T17:01:18.257771+00:00,success,,,a126311
iot-asis-B-0039-264EFD,iot,as-is,B,2026-04-21T17:01:18.360175+00:00,2026-04-21T17:01:18.429098+00:00,success,,,a126311
iot-asis-B-0040-674C7C,iot,as-is,B,2026-04-21T17:01:18.531237+00:00,2026-04-21T17:01:18.619399+00:00,success,,,a126311
iot-asis-B-0041-2B9E67,iot,as-is,B,2026-04-21T17:01:18.721047+00:00,2026-04-21T17:01:18.790201+00:00,success,,,a126311
iot-asis-B-0042-DE93C4,iot,as-is,B,2026-04-21T17:01:18.892105+00:00,2026-04-21T17:01:18.977983+00:00,success,,,a126311
iot-asis-B-0043-07E859,iot,as-is,B,2026-04-21T17:01:19.080203+00:00,2026-04-21T17:01:19.150098+00:00,success,,,a126311
iot-asis-B-0044-506E88,iot,as-is,B,2026-04-21T17:01:19.252503+00:00,2026-04-21T17:01:19.320979+00:00,success,,,a126311
iot-asis-B-0045-5B2631,iot,as-is,B,2026-04-21T17:01:19.423556+00:00,2026-04-21T17:01:19.505449+00:00,success,,,a126311
iot-asis-B-0046-F62065,iot,as-is,B,2026-04-21T17:01:19.607635+00:00,2026-04-21T17:01:19.698731+00:00,success,,,a126311
iot-asis-B-0047-6A7618,iot,as-is,B,2026-04-21T17:01:19.800710+00:00,2026-04-21T17:01:19.882326+00:00,success,,,a126311
iot-asis-B-0048-8A816A,iot,as-is,B,2026-04-21T17:01:19.984838+00:00,2026-04-21T17:01:20.061606+00:00,success,,,a126311
iot-asis-B-0049-CC4645,iot,as-is,B,2026-04-21T17:01:20.163798+00:00,2026-04-21T17:01:20.234879+00:00,success,,,a126311
iot-asis-B-0050-632C26,iot,as-is,B,2026-04-21T17:01:20.337272+00:00,2026-04-21T17:01:20.416959+00:00,success,,,a126311
iot-asis-B-0051-E9BA43,iot,as-is,B,2026-04-21T17:01:20.519469+00:00,2026-04-21T17:01:20.591253+00:00,success,,,a126311
iot-asis-B-0052-4005DF,iot,as-is,B,2026-04-21T17:01:20.693583+00:00,2026-04-21T17:01:20.779401+00:00,success,,,a126311
iot-asis-B-0053-D97D64,iot,as-is,B,2026-04-21T17:01:20.880847+00:00,2026-04-21T17:01:20.951387+00:00,success,,,a126311
iot-asis-B-0054-531FA5,iot,as-is,B,2026-04-21T17:01:21.054081+00:00,2026-04-21T17:01:21.136318+00:00,success,,,a126311
iot-asis-B-0055-FE1E2D,iot,as-is,B,2026-04-21T17:01:21.238124+00:00,2026-04-21T17:01:21.310866+00:00,success,,,a126311
iot-asis-B-0056-763594,iot,as-is,B,2026-04-21T17:01:21.413067+00:00,2026-04-21T17:01:21.495380+00:00,success,,,a126311
iot-asis-B-0057-D8B0DD,iot,as-is,B,2026-04-21T17:01:21.597612+00:00,2026-04-21T17:01:21.669884+00:00,success,,,a126311
iot-asis-B-0058-98D4F6,iot,as-is,B,2026-04-21T17:01:21.771812+00:00,2026-04-21T17:01:21.837377+00:00,success,,,a126311
iot-asis-B-0059-6678B9,iot,as-is,B,2026-04-21T17:01:21.939360+00:00,2026-04-21T17:01:22.035347+00:00,success,,,a126311
iot-asis-B-0060-41CDAF,iot,as-is,B,2026-04-21T17:01:22.137520+00:00,2026-04-21T17:01:22.204438+00:00,success,,,a126311
iot-asis-B-0061-4312C9,iot,as-is,B,2026-04-21T17:01:22.306189+00:00,2026-04-21T17:01:22.400057+00:00,success,,,a126311
iot-asis-B-0062-D2BEAE,iot,as-is,B,2026-04-21T17:01:22.501975+00:00,2026-04-21T17:01:22.580050+00:00,success,,,a126311
iot-asis-B-0063-54430F,iot,as-is,B,2026-04-21T17:01:22.682632+00:00,2026-04-21T17:01:22.749981+00:00,success,,,a126311
iot-asis-B-0064-4D610C,iot,as-is,B,2026-04-21T17:01:22.852014+00:00,2026-04-21T17:01:22.934939+00:00,success,,,a126311
iot-asis-B-0065-CD1519,iot,as-is,B,2026-04-21T17:01:23.037141+00:00,2026-04-21T17:01:23.106761+00:00,success,,,a126311
iot-asis-B-0066-5D63AB,iot,as-is,B,2026-04-21T17:01:23.209007+00:00,2026-04-21T17:01:23.301246+00:00,success,,,a126311
iot-asis-B-0067-841EBE,iot,as-is,B,2026-04-21T17:01:23.403879+00:00,2026-04-21T17:01:23.486787+00:00,success,,,a126311
iot-asis-B-0068-DD6D9E,iot,as-is,B,2026-04-21T17:01:23.588914+00:00,2026-04-21T17:01:23.654853+00:00,success,,,a126311
iot-asis-B-0069-876460,iot,as-is,B,2026-04-21T17:01:23.757705+00:00,2026-04-21T17:01:23.829981+00:00,success,,,a126311
iot-asis-B-0070-679633,iot,as-is,B,2026-04-21T17:01:23.932319+00:00,2026-04-21T17:01:24.008334+00:00,success,,,a126311
iot-asis-B-0071-64B217,iot,as-is,B,2026-04-21T17:01:24.110397+00:00,2026-04-21T17:01:24.212885+00:00,success,,,a126311
iot-asis-B-0072-881B9F,iot,as-is,B,2026-04-21T17:01:24.315324+00:00,2026-04-21T17:01:24.398272+00:00,success,,,a126311
iot-asis-B-0073-99E5B0,iot,as-is,B,2026-04-21T17:01:24.500193+00:00,2026-04-21T17:01:24.567912+00:00,success,,,a126311
iot-asis-B-0074-B4DBE7,iot,as-is,B,2026-04-21T17:01:24.669938+00:00,2026-04-21T17:01:24.737095+00:00,success,,,a126311
iot-asis-B-0075-152177,iot,as-is,B,2026-04-21T17:01:24.839142+00:00,2026-04-21T17:01:24.906192+00:00,success,,,a126311
iot-asis-B-0076-ACB00F,iot,as-is,B,2026-04-21T17:01:25.009106+00:00,2026-04-21T17:01:25.079677+00:00,success,,,a126311
iot-asis-B-0077-1AD179,iot,as-is,B,2026-04-21T17:01:25.181668+00:00,2026-04-21T17:01:25.250935+00:00,success,,,a126311
iot-asis-B-0078-A9970D,iot,as-is,B,2026-04-21T17:01:25.353524+00:00,2026-04-21T17:01:25.432904+00:00,success,,,a126311
iot-asis-B-0079-6C3EDB,iot,as-is,B,2026-04-21T17:01:25.534647+00:00,2026-04-21T17:01:25.617162+00:00,success,,,a126311
iot-asis-B-0080-B325E5,iot,as-is,B,2026-04-21T17:01:25.719063+00:00,2026-04-21T17:01:25.790151+00:00,success,,,a126311
iot-asis-B-0081-5B74C2,iot,as-is,B,2026-04-21T17:01:25.892277+00:00,2026-04-21T17:01:25.970702+00:00,success,,,a126311
iot-asis-B-0082-AD7882,iot,as-is,B,2026-04-21T17:01:26.072723+00:00,2026-04-21T17:01:26.161459+00:00,success,,,a126311
iot-asis-B-0083-901C55,iot,as-is,B,2026-04-21T17:01:26.264036+00:00,2026-04-21T17:01:26.333614+00:00,success,,,a126311
iot-asis-B-0084-DB5A05,iot,as-is,B,2026-04-21T17:01:26.435500+00:00,2026-04-21T17:01:26.519323+00:00,success,,,a126311
iot-asis-B-0085-F489A1,iot,as-is,B,2026-04-21T17:01:26.621416+00:00,2026-04-21T17:01:26.709401+00:00,success,,,a126311
iot-asis-B-0086-5459DA,iot,as-is,B,2026-04-21T17:01:26.811803+00:00,2026-04-21T17:01:26.877035+00:00,success,,,a126311
iot-asis-B-0087-46F4B5,iot,as-is,B,2026-04-21T17:01:26.979443+00:00,2026-04-21T17:01:27.051884+00:00,success,,,a126311
iot-asis-B-0088-8DED70,iot,as-is,B,2026-04-21T17:01:27.154403+00:00,2026-04-21T17:01:27.221894+00:00,success,,,a126311
iot-asis-B-0089-2CBC7A,iot,as-is,B,2026-04-21T17:01:27.324351+00:00,2026-04-21T17:01:27.406037+00:00,success,,,a126311
iot-asis-B-0090-EFB37A,iot,as-is,B,2026-04-21T17:01:27.508262+00:00,2026-04-21T17:01:27.577102+00:00,success,,,a126311
iot-asis-B-0091-92A178,iot,as-is,B,2026-04-21T17:01:27.679741+00:00,2026-04-21T17:01:27.752448+00:00,success,,,a126311
iot-asis-B-0092-822713,iot,as-is,B,2026-04-21T17:01:27.854587+00:00,2026-04-21T17:01:27.932434+00:00,success,,,a126311
iot-asis-B-0093-2D1342,iot,as-is,B,2026-04-21T17:01:28.034570+00:00,2026-04-21T17:01:28.102825+00:00,success,,,a126311
iot-asis-B-0094-2075AF,iot,as-is,B,2026-04-21T17:01:28.204706+00:00,2026-04-21T17:01:28.290086+00:00,success,,,a126311
iot-asis-B-0095-B582C6,iot,as-is,B,2026-04-21T17:01:28.392327+00:00,2026-04-21T17:01:28.463666+00:00,success,,,a126311
iot-asis-B-0096-C04973,iot,as-is,B,2026-04-21T17:01:28.565998+00:00,2026-04-21T17:01:28.642638+00:00,success,,,a126311
iot-asis-B-0097-FFB048,iot,as-is,B,2026-04-21T17:01:28.744741+00:00,2026-04-21T17:01:28.827766+00:00,success,,,a126311
iot-asis-B-0098-B322F0,iot,as-is,B,2026-04-21T17:01:28.929620+00:00,2026-04-21T17:01:28.995827+00:00,success,,,a126311
iot-asis-B-0099-E7D7A6,iot,as-is,B,2026-04-21T17:01:29.097629+00:00,2026-04-21T17:01:29.188601+00:00,success,,,a126311
iot-asis-B-0100-701294,iot,as-is,B,2026-04-21T17:01:29.290499+00:00,2026-04-21T17:01:29.357175+00:00,success,,,a126311
iot-asis-B-0101-974D8F,iot,as-is,B,2026-04-21T17:01:29.458890+00:00,2026-04-21T17:01:29.544272+00:00,success,,,a126311
iot-asis-B-0102-E39BFF,iot,as-is,B,2026-04-21T17:01:29.645784+00:00,2026-04-21T17:01:29.730554+00:00,success,,,a126311
iot-asis-B-0103-46D863,iot,as-is,B,2026-04-21T17:01:29.833435+00:00,2026-04-21T17:01:29.903777+00:00,success,,,a126311
iot-asis-B-0104-CB83A9,iot,as-is,B,2026-04-21T17:01:30.005900+00:00,2026-04-21T17:01:30.090490+00:00,success,,,a126311
iot-asis-B-0105-3D0536,iot,as-is,B,2026-04-21T17:01:30.193057+00:00,2026-04-21T17:01:30.274902+00:00,success,,,a126311
iot-asis-B-0106-367C76,iot,as-is,B,2026-04-21T17:01:30.376837+00:00,2026-04-21T17:01:30.455691+00:00,success,,,a126311
iot-asis-B-0107-6C1ACA,iot,as-is,B,2026-04-21T17:01:30.558697+00:00,2026-04-21T17:01:30.644470+00:00,success,,,a126311
iot-asis-B-0108-B9CAD8,iot,as-is,B,2026-04-21T17:01:30.747854+00:00,2026-04-21T17:01:30.823852+00:00,success,,,a126311
iot-asis-B-0109-1A3F15,iot,as-is,B,2026-04-21T17:01:30.925749+00:00,2026-04-21T17:01:31.002799+00:00,success,,,a126311
iot-asis-B-0110-F10E47,iot,as-is,B,2026-04-21T17:01:31.105259+00:00,2026-04-21T17:01:31.173746+00:00,success,,,a126311
iot-asis-B-0111-03136B,iot,as-is,B,2026-04-21T17:01:31.275948+00:00,2026-04-21T17:01:31.347645+00:00,success,,,a126311
iot-asis-B-0112-3A2B1D,iot,as-is,B,2026-04-21T17:01:31.449861+00:00,2026-04-21T17:01:31.516537+00:00,success,,,a126311
iot-asis-B-0113-D56ADF,iot,as-is,B,2026-04-21T17:01:31.619281+00:00,2026-04-21T17:01:31.702149+00:00,success,,,a126311
iot-asis-B-0114-D9CD63,iot,as-is,B,2026-04-21T17:01:31.803864+00:00,2026-04-21T17:01:31.872439+00:00,success,,,a126311
iot-asis-B-0115-5B1589,iot,as-is,B,2026-04-21T17:01:31.974962+00:00,2026-04-21T17:01:32.067830+00:00,success,,,a126311
iot-asis-B-0116-40B3C2,iot,as-is,B,2026-04-21T17:01:32.169607+00:00,2026-04-21T17:01:32.264009+00:00,success,,,a126311
iot-asis-B-0117-8583C0,iot,as-is,B,2026-04-21T17:01:32.366105+00:00,2026-04-21T17:01:32.433170+00:00,success,,,a126311
iot-asis-B-0118-6F783F,iot,as-is,B,2026-04-21T17:01:32.535016+00:00,2026-04-21T17:01:32.614598+00:00,success,,,a126311
iot-asis-B-0119-898FEE,iot,as-is,B,2026-04-21T17:01:32.716608+00:00,2026-04-21T17:01:32.796105+00:00,success,,,a126311
iot-asis-B-0120-107C13,iot,as-is,B,2026-04-21T17:01:32.898087+00:00,2026-04-21T17:01:32.967974+00:00,success,,,a126311
iot-asis-B-0121-60B4AF,iot,as-is,B,2026-04-21T17:01:33.070043+00:00,2026-04-21T17:01:33.135851+00:00,success,,,a126311
iot-asis-B-0122-761A0B,iot,as-is,B,2026-04-21T17:01:33.239571+00:00,2026-04-21T17:01:33.322551+00:00,success,,,a126311
iot-asis-B-0123-697D25,iot,as-is,B,2026-04-21T17:01:33.425045+00:00,2026-04-21T17:01:33.507740+00:00,success,,,a126311
iot-asis-B-0124-90B731,iot,as-is,B,2026-04-21T17:01:33.609888+00:00,2026-04-21T17:01:33.676678+00:00,success,,,a126311
iot-asis-B-0125-28B566,iot,as-is,B,2026-04-21T17:01:33.779161+00:00,2026-04-21T17:01:33.860622+00:00,success,,,a126311
iot-asis-B-0126-C5D990,iot,as-is,B,2026-04-21T17:01:33.963087+00:00,2026-04-21T17:01:34.052932+00:00,success,,,a126311
iot-asis-B-0127-6D442D,iot,as-is,B,2026-04-21T17:01:34.155080+00:00,2026-04-21T17:01:34.250278+00:00,success,,,a126311
iot-asis-B-0128-C97FC6,iot,as-is,B,2026-04-21T17:01:34.352176+00:00,2026-04-21T17:01:34.437669+00:00,success,,,a126311
iot-asis-B-0129-4C78E7,iot,as-is,B,2026-04-21T17:01:34.539841+00:00,2026-04-21T17:01:34.613647+00:00,success,,,a126311
iot-asis-B-0130-10805F,iot,as-is,B,2026-04-21T17:01:34.715247+00:00,2026-04-21T17:01:34.794108+00:00,success,,,a126311
iot-asis-B-0131-3B5D84,iot,as-is,B,2026-04-21T17:01:34.896639+00:00,2026-04-21T17:01:34.976962+00:00,success,,,a126311
iot-asis-B-0132-331136,iot,as-is,B,2026-04-21T17:01:35.079908+00:00,2026-04-21T17:01:35.145831+00:00,success,,,a126311
iot-asis-B-0133-63991F,iot,as-is,B,2026-04-21T17:01:35.247852+00:00,2026-04-21T17:01:35.321586+00:00,success,,,a126311
iot-asis-B-0134-2FDDCB,iot,as-is,B,2026-04-21T17:01:35.424205+00:00,2026-04-21T17:01:35.513372+00:00,success,,,a126311
iot-asis-B-0135-6BDBF8,iot,as-is,B,2026-04-21T17:01:35.615452+00:00,2026-04-21T17:01:35.683623+00:00,success,,,a126311
iot-asis-B-0136-3184F7,iot,as-is,B,2026-04-21T17:01:35.786078+00:00,2026-04-21T17:01:35.870406+00:00,success,,,a126311
iot-asis-B-0137-F6814D,iot,as-is,B,2026-04-21T17:01:35.973007+00:00,2026-04-21T17:01:36.054497+00:00,success,,,a126311
iot-asis-B-0138-10B5CE,iot,as-is,B,2026-04-21T17:01:36.156871+00:00,2026-04-21T17:01:36.243655+00:00,success,,,a126311
iot-asis-B-0139-8380A0,iot,as-is,B,2026-04-21T17:01:36.345776+00:00,2026-04-21T17:01:36.413906+00:00,success,,,a126311
iot-asis-B-0140-CD4E95,iot,as-is,B,2026-04-21T17:01:36.516075+00:00,2026-04-21T17:01:36.600763+00:00,success,,,a126311
iot-asis-B-0141-BAA6E2,iot,as-is,B,2026-04-21T17:01:36.703401+00:00,2026-04-21T17:01:36.772717+00:00,success,,,a126311
iot-asis-B-0142-E69F7A,iot,as-is,B,2026-04-21T17:01:36.875079+00:00,2026-04-21T17:01:36.952913+00:00,success,,,a126311
iot-asis-B-0143-E5F69F,iot,as-is,B,2026-04-21T17:01:37.057564+00:00,2026-04-21T17:01:37.144165+00:00,success,,,a126311
iot-asis-B-0144-9CE277,iot,as-is,B,2026-04-21T17:01:37.247105+00:00,2026-04-21T17:01:37.313934+00:00,success,,,a126311
iot-asis-B-0145-F62181,iot,as-is,B,2026-04-21T17:01:37.416501+00:00,2026-04-21T17:01:37.498633+00:00,success,,,a126311
iot-asis-B-0146-D63186,iot,as-is,B,2026-04-21T17:01:37.600899+00:00,2026-04-21T17:01:37.685656+00:00,success,,,a126311
iot-asis-B-0147-A74464,iot,as-is,B,2026-04-21T17:01:37.789159+00:00,2026-04-21T17:01:37.857190+00:00,success,,,a126311
iot-asis-B-0148-3978E6,iot,as-is,B,2026-04-21T17:01:37.959239+00:00,2026-04-21T17:01:38.043252+00:00,success,,,a126311
iot-asis-B-0149-9240DC,iot,as-is,B,2026-04-21T17:01:38.145295+00:00,2026-04-21T17:01:38.214089+00:00,success,,,a126311
iot-asis-B-0150-E99856,iot,as-is,B,2026-04-21T17:01:38.315907+00:00,2026-04-21T17:01:38.381488+00:00,success,,,a126311
iot-asis-B-0151-616C5C,iot,as-is,B,2026-04-21T17:01:38.484153+00:00,2026-04-21T17:01:38.568546+00:00,success,,,a126311
iot-asis-B-0152-9B8B8F,iot,as-is,B,2026-04-21T17:01:38.670782+00:00,2026-04-21T17:01:38.743702+00:00,success,,,a126311
iot-asis-B-0153-FBA4DF,iot,as-is,B,2026-04-21T17:01:38.845791+00:00,2026-04-21T17:01:38.924257+00:00,success,,,a126311
iot-asis-B-0154-B5D725,iot,as-is,B,2026-04-21T17:01:39.026561+00:00,2026-04-21T17:01:39.118582+00:00,success,,,a126311
iot-asis-B-0155-F0BC61,iot,as-is,B,2026-04-21T17:01:39.220858+00:00,2026-04-21T17:01:39.298060+00:00,success,,,a126311
iot-asis-B-0156-B7EA8E,iot,as-is,B,2026-04-21T17:01:39.400181+00:00,2026-04-21T17:01:39.481991+00:00,success,,,a126311
iot-asis-B-0157-35E9FA,iot,as-is,B,2026-04-21T17:01:39.584947+00:00,2026-04-21T17:01:39.657996+00:00,success,,,a126311
iot-asis-B-0158-C2AAC9,iot,as-is,B,2026-04-21T17:01:39.760953+00:00,2026-04-21T17:01:39.830296+00:00,success,,,a126311
iot-asis-B-0159-92E68D,iot,as-is,B,2026-04-21T17:01:39.932370+00:00,2026-04-21T17:01:40.010745+00:00,success,,,a126311
iot-asis-B-0160-0737CC,iot,as-is,B,2026-04-21T17:01:40.113004+00:00,2026-04-21T17:01:40.195384+00:00,success,,,a126311
iot-asis-B-0161-C77381,iot,as-is,B,2026-04-21T17:01:40.297810+00:00,2026-04-21T17:01:40.378445+00:00,success,,,a126311
iot-asis-B-0162-F3E72E,iot,as-is,B,2026-04-21T17:01:40.481381+00:00,2026-04-21T17:01:40.569849+00:00,success,,,a126311
iot-asis-B-0163-A9FEE1,iot,as-is,B,2026-04-21T17:01:40.672356+00:00,2026-04-21T17:01:40.753882+00:00,success,,,a126311
iot-asis-B-0164-F24377,iot,as-is,B,2026-04-21T17:01:40.855608+00:00,2026-04-21T17:01:40.931588+00:00,success,,,a126311
iot-asis-B-0165-35AB7E,iot,as-is,B,2026-04-21T17:01:41.034352+00:00,2026-04-21T17:01:41.114623+00:00,success,,,a126311
iot-asis-B-0166-B9387C,iot,as-is,B,2026-04-21T17:01:41.217102+00:00,2026-04-21T17:01:41.286500+00:00,success,,,a126311
iot-asis-B-0167-1805B8,iot,as-is,B,2026-04-21T17:01:41.388831+00:00,2026-04-21T17:01:41.453748+00:00,success,,,a126311
iot-asis-B-0168-7A0893,iot,as-is,B,2026-04-21T17:01:41.555724+00:00,2026-04-21T17:01:41.640422+00:00,success,,,a126311
iot-asis-B-0169-3EB691,iot,as-is,B,2026-04-21T17:01:41.742401+00:00,2026-04-21T17:01:41.812195+00:00,success,,,a126311
iot-asis-B-0170-1F5D8E,iot,as-is,B,2026-04-21T17:01:41.914630+00:00,2026-04-21T17:01:41.994896+00:00,success,,,a126311
iot-asis-B-0171-EFF274,iot,as-is,B,2026-04-21T17:01:42.097822+00:00,2026-04-21T17:01:42.170389+00:00,success,,,a126311
iot-asis-B-0172-175297,iot,as-is,B,2026-04-21T17:01:42.271956+00:00,2026-04-21T17:01:42.358962+00:00,success,,,a126311
iot-asis-B-0173-B8F83A,iot,as-is,B,2026-04-21T17:01:42.461559+00:00,2026-04-21T17:01:42.555038+00:00,success,,,a126311
iot-asis-B-0174-32E5C7,iot,as-is,B,2026-04-21T17:01:42.658104+00:00,2026-04-21T17:01:42.729635+00:00,success,,,a126311
iot-asis-B-0175-B6D1CE,iot,as-is,B,2026-04-21T17:01:42.831905+00:00,2026-04-21T17:01:42.900254+00:00,success,,,a126311
iot-asis-B-0176-E3227D,iot,as-is,B,2026-04-21T17:01:43.002425+00:00,2026-04-21T17:01:43.069097+00:00,success,,,a126311
iot-asis-B-0177-5A08B2,iot,as-is,B,2026-04-21T17:01:43.171797+00:00,2026-04-21T17:01:43.246760+00:00,success,,,a126311
iot-asis-B-0178-D9B809,iot,as-is,B,2026-04-21T17:01:43.349082+00:00,2026-04-21T17:01:43.431794+00:00,success,,,a126311
iot-asis-B-0179-CD04B0,iot,as-is,B,2026-04-21T17:01:43.534452+00:00,2026-04-21T17:01:43.623420+00:00,success,,,a126311
iot-asis-B-0180-45C910,iot,as-is,B,2026-04-21T17:01:43.725132+00:00,2026-04-21T17:01:43.794175+00:00,success,,,a126311
iot-asis-B-0181-9F5C86,iot,as-is,B,2026-04-21T17:01:43.896164+00:00,2026-04-21T17:01:43.964334+00:00,success,,,a126311
iot-asis-B-0182-44B368,iot,as-is,B,2026-04-21T17:01:44.066833+00:00,2026-04-21T17:01:44.139053+00:00,success,,,a126311
iot-asis-B-0183-201E8D,iot,as-is,B,2026-04-21T17:01:44.241111+00:00,2026-04-21T17:01:44.328267+00:00,success,,,a126311
iot-asis-B-0184-73A2D0,iot,as-is,B,2026-04-21T17:01:44.430483+00:00,2026-04-21T17:01:44.522554+00:00,success,,,a126311
iot-asis-B-0185-AFA66E,iot,as-is,B,2026-04-21T17:01:44.624922+00:00,2026-04-21T17:01:44.705076+00:00,success,,,a126311
iot-asis-B-0186-B2C7A8,iot,as-is,B,2026-04-21T17:01:44.806504+00:00,2026-04-21T17:01:44.876572+00:00,success,,,a126311
iot-asis-B-0187-35EF7E,iot,as-is,B,2026-04-21T17:01:44.978497+00:00,2026-04-21T17:01:45.045248+00:00,success,,,a126311
iot-asis-B-0188-C096AF,iot,as-is,B,2026-04-21T17:01:45.147185+00:00,2026-04-21T17:01:45.216012+00:00,success,,,a126311
iot-asis-B-0189-0D3780,iot,as-is,B,2026-04-21T17:01:45.317914+00:00,2026-04-21T17:01:45.386568+00:00,success,,,a126311
iot-asis-B-0190-92A0E3,iot,as-is,B,2026-04-21T17:01:45.489553+00:00,2026-04-21T17:01:45.560050+00:00,success,,,a126311
iot-asis-B-0191-375BB2,iot,as-is,B,2026-04-21T17:01:45.661679+00:00,2026-04-21T17:01:45.727304+00:00,success,,,a126311
iot-asis-B-0192-000B63,iot,as-is,B,2026-04-21T17:01:45.828818+00:00,2026-04-21T17:01:45.896927+00:00,success,,,a126311
iot-asis-B-0193-89623D,iot,as-is,B,2026-04-21T17:01:45.998619+00:00,2026-04-21T17:01:46.066019+00:00,success,,,a126311
iot-asis-B-0194-5649C8,iot,as-is,B,2026-04-21T17:01:46.168363+00:00,2026-04-21T17:01:46.251948+00:00,success,,,a126311
iot-asis-B-0195-7221DD,iot,as-is,B,2026-04-21T17:01:46.353941+00:00,2026-04-21T17:01:46.444637+00:00,success,,,a126311
iot-asis-B-0196-11F3E1,iot,as-is,B,2026-04-21T17:01:46.546421+00:00,2026-04-21T17:01:46.631228+00:00,success,,,a126311
iot-asis-B-0197-DEF4A8,iot,as-is,B,2026-04-21T17:01:46.733028+00:00,2026-04-21T17:01:46.822269+00:00,success,,,a126311
iot-asis-B-0198-42293D,iot,as-is,B,2026-04-21T17:01:46.924274+00:00,2026-04-21T17:01:47.002513+00:00,success,,,a126311
iot-asis-B-0199-A07749,iot,as-is,B,2026-04-21T17:01:47.106440+00:00,2026-04-21T17:01:47.174818+00:00,success,,,a126311
iot-asis-C-0000-ABD8CA,iot,as-is,C,2026-04-21T17:01:47.280466+00:00,2026-04-21T17:01:47.325231+00:00,success,,,a126311
iot-asis-C-0001-D7EB3C,iot,as-is,C,2026-04-21T17:01:47.428265+00:00,2026-04-21T17:01:47.483808+00:00,success,,,a126311
iot-asis-C-0002-EF3694,iot,as-is,C,2026-04-21T17:01:47.586186+00:00,2026-04-21T17:01:47.639340+00:00,success,,,a126311
iot-asis-C-0003-298345,iot,as-is,C,2026-04-21T17:01:47.741708+00:00,2026-04-21T17:01:47.793547+00:00,success,,,a126311
iot-asis-C-0004-86D3E5,iot,as-is,C,2026-04-21T17:01:47.895531+00:00,2026-04-21T17:01:47.929367+00:00,success,,,a126311
iot-asis-C-0005-F475BF,iot,as-is,C,2026-04-21T17:01:48.033884+00:00,2026-04-21T17:01:48.088920+00:00,success,,,a126311
iot-asis-C-0006-6F1382,iot,as-is,C,2026-04-21T17:01:48.191442+00:00,2026-04-21T17:01:48.229753+00:00,success,,,a126311
iot-asis-C-0007-86560D,iot,as-is,C,2026-04-21T17:01:48.334861+00:00,2026-04-21T17:01:48.383059+00:00,success,,,a126311
iot-asis-C-0008-E0305E,iot,as-is,C,2026-04-21T17:01:48.486489+00:00,2026-04-21T17:01:48.542697+00:00,success,,,a126311
iot-asis-C-0009-9AAF4D,iot,as-is,C,2026-04-21T17:01:48.644981+00:00,2026-04-21T17:01:48.697695+00:00,success,,,a126311
iot-asis-C-0010-7390EC,iot,as-is,C,2026-04-21T17:01:48.800791+00:00,2026-04-21T17:01:48.837573+00:00,success,,,a126311
iot-asis-C-0011-BC2DEE,iot,as-is,C,2026-04-21T17:01:48.941333+00:00,2026-04-21T17:01:48.978654+00:00,success,,,a126311
iot-asis-C-0012-8FE6FA,iot,as-is,C,2026-04-21T17:01:49.080521+00:00,2026-04-21T17:01:49.114974+00:00,success,,,a126311
iot-asis-C-0013-5E1F2C,iot,as-is,C,2026-04-21T17:01:49.219281+00:00,2026-04-21T17:01:49.272116+00:00,success,,,a126311
iot-asis-C-0014-970928,iot,as-is,C,2026-04-21T17:01:49.375940+00:00,2026-04-21T17:01:49.410161+00:00,success,,,a126311
iot-asis-C-0015-5CCC51,iot,as-is,C,2026-04-21T17:01:49.514258+00:00,2026-04-21T17:01:49.547363+00:00,success,,,a126311
iot-asis-C-0016-E19ED2,iot,as-is,C,2026-04-21T17:01:49.651117+00:00,2026-04-21T17:01:49.686335+00:00,success,,,a126311
iot-asis-C-0017-F28925,iot,as-is,C,2026-04-21T17:01:49.788796+00:00,2026-04-21T17:01:49.821873+00:00,success,,,a126311
iot-asis-C-0018-7C96D9,iot,as-is,C,2026-04-21T17:01:49.924421+00:00,2026-04-21T17:01:49.967966+00:00,success,,,a126311
iot-asis-C-0019-C77C77,iot,as-is,C,2026-04-21T17:01:50.072164+00:00,2026-04-21T17:01:50.128594+00:00,success,,,a126311
iot-asis-C-0020-2718C7,iot,as-is,C,2026-04-21T17:01:50.231261+00:00,2026-04-21T17:01:50.266894+00:00,success,,,a126311
iot-asis-C-0021-455591,iot,as-is,C,2026-04-21T17:01:50.370654+00:00,2026-04-21T17:01:50.405240+00:00,success,,,a126311
iot-asis-C-0022-D82A71,iot,as-is,C,2026-04-21T17:01:50.509328+00:00,2026-04-21T17:01:50.559185+00:00,success,,,a126311
iot-asis-C-0023-EAD2D1,iot,as-is,C,2026-04-21T17:01:50.662144+00:00,2026-04-21T17:01:50.695942+00:00,success,,,a126311
iot-asis-C-0024-D6CA5C,iot,as-is,C,2026-04-21T17:01:50.799457+00:00,2026-04-21T17:01:50.836426+00:00,success,,,a126311
iot-asis-C-0025-1C2C6E,iot,as-is,C,2026-04-21T17:01:50.941826+00:00,2026-04-21T17:01:50.995704+00:00,success,,,a126311
iot-asis-C-0026-7CA44F,iot,as-is,C,2026-04-21T17:01:51.097828+00:00,2026-04-21T17:01:51.132097+00:00,success,,,a126311
iot-asis-C-0027-D79A6B,iot,as-is,C,2026-04-21T17:01:51.235030+00:00,2026-04-21T17:01:51.291747+00:00,success,,,a126311
iot-asis-C-0028-9DC464,iot,as-is,C,2026-04-21T17:01:51.395841+00:00,2026-04-21T17:01:51.434277+00:00,success,,,a126311
iot-asis-C-0029-C02029,iot,as-is,C,2026-04-21T17:01:51.537894+00:00,2026-04-21T17:01:51.583393+00:00,success,,,a126311
iot-asis-C-0030-286B27,iot,as-is,C,2026-04-21T17:01:51.686371+00:00,2026-04-21T17:01:51.722559+00:00,success,,,a126311
iot-asis-C-0031-4517C3,iot,as-is,C,2026-04-21T17:01:51.826063+00:00,2026-04-21T17:01:51.879044+00:00,success,,,a126311
iot-asis-C-0032-1CA737,iot,as-is,C,2026-04-21T17:01:51.981200+00:00,2026-04-21T17:01:52.037299+00:00,success,,,a126311
iot-asis-C-0033-41BFE6,iot,as-is,C,2026-04-21T17:01:52.139917+00:00,2026-04-21T17:01:52.176213+00:00,success,,,a126311
iot-asis-C-0034-0A153F,iot,as-is,C,2026-04-21T17:01:52.278953+00:00,2026-04-21T17:01:52.321261+00:00,success,,,a126311
iot-asis-C-0035-012687,iot,as-is,C,2026-04-21T17:01:52.424119+00:00,2026-04-21T17:01:52.486240+00:00,success,,,a126311
iot-asis-C-0036-A234A1,iot,as-is,C,2026-04-21T17:01:52.588390+00:00,2026-04-21T17:01:52.640186+00:00,success,,,a126311
iot-asis-C-0037-2D012E,iot,as-is,C,2026-04-21T17:01:52.743109+00:00,2026-04-21T17:01:52.781797+00:00,success,,,a126311
iot-asis-C-0038-0ECC4B,iot,as-is,C,2026-04-21T17:01:52.885358+00:00,2026-04-21T17:01:52.934556+00:00,success,,,a126311
iot-asis-C-0039-9683B0,iot,as-is,C,2026-04-21T17:01:53.036831+00:00,2026-04-21T17:01:53.070009+00:00,success,,,a126311
iot-asis-C-0040-09B9DD,iot,as-is,C,2026-04-21T17:01:53.172707+00:00,2026-04-21T17:01:53.212244+00:00,success,,,a126311
iot-asis-C-0041-CCD241,iot,as-is,C,2026-04-21T17:01:53.315442+00:00,2026-04-21T17:01:53.370576+00:00,success,,,a126311
iot-asis-C-0042-786E5A,iot,as-is,C,2026-04-21T17:01:53.473331+00:00,2026-04-21T17:01:53.508753+00:00,success,,,a126311
iot-asis-C-0043-1F3268,iot,as-is,C,2026-04-21T17:01:53.611866+00:00,2026-04-21T17:01:53.662225+00:00,success,,,a126311
iot-asis-C-0044-616539,iot,as-is,C,2026-04-21T17:01:53.765381+00:00,2026-04-21T17:01:53.819103+00:00,success,,,a126311
iot-asis-C-0045-A99C67,iot,as-is,C,2026-04-21T17:01:53.921939+00:00,2026-04-21T17:01:53.956077+00:00,success,,,a126311
iot-asis-C-0046-FDECBA,iot,as-is,C,2026-04-21T17:01:54.058485+00:00,2026-04-21T17:01:54.092941+00:00,success,,,a126311
iot-asis-C-0047-B875D9,iot,as-is,C,2026-04-21T17:01:54.196277+00:00,2026-04-21T17:01:54.256640+00:00,success,,,a126311
iot-asis-C-0048-9D7F9C,iot,as-is,C,2026-04-21T17:01:54.359437+00:00,2026-04-21T17:01:54.397465+00:00,success,,,a126311
iot-asis-C-0049-34AB93,iot,as-is,C,2026-04-21T17:01:54.500288+00:00,2026-04-21T17:01:54.549084+00:00,success,,,a126311
iot-asis-C-0050-240594,iot,as-is,C,2026-04-21T17:01:54.651871+00:00,2026-04-21T17:01:54.710192+00:00,success,,,a126311
iot-asis-C-0051-2E85D7,iot,as-is,C,2026-04-21T17:01:54.813108+00:00,2026-04-21T17:01:54.860076+00:00,success,,,a126311
iot-asis-C-0052-DF9969,iot,as-is,C,2026-04-21T17:01:54.962604+00:00,2026-04-21T17:01:55.015382+00:00,success,,,a126311
iot-asis-C-0053-0EC933,iot,as-is,C,2026-04-21T17:01:55.118284+00:00,2026-04-21T17:01:55.156111+00:00,success,,,a126311
iot-asis-C-0054-346934,iot,as-is,C,2026-04-21T17:01:55.259268+00:00,2026-04-21T17:01:55.297864+00:00,success,,,a126311
iot-asis-C-0055-42507C,iot,as-is,C,2026-04-21T17:01:55.400094+00:00,2026-04-21T17:01:55.448343+00:00,success,,,a126311
iot-asis-C-0056-F27434,iot,as-is,C,2026-04-21T17:01:55.552307+00:00,2026-04-21T17:01:55.605450+00:00,success,,,a126311
iot-asis-C-0057-DFE0C0,iot,as-is,C,2026-04-21T17:01:55.707808+00:00,2026-04-21T17:01:55.759643+00:00,success,,,a126311
iot-asis-C-0058-DE49AC,iot,as-is,C,2026-04-21T17:01:55.861837+00:00,2026-04-21T17:01:55.895123+00:00,success,,,a126311
iot-asis-C-0059-4448DF,iot,as-is,C,2026-04-21T17:01:55.997976+00:00,2026-04-21T17:01:56.031936+00:00,success,,,a126311
iot-asis-C-0060-2CF123,iot,as-is,C,2026-04-21T17:01:56.136021+00:00,2026-04-21T17:01:56.175395+00:00,success,,,a126311
iot-asis-C-0061-C65F09,iot,as-is,C,2026-04-21T17:01:56.277516+00:00,2026-04-21T17:01:56.322922+00:00,success,,,a126311
iot-asis-C-0062-6246B1,iot,as-is,C,2026-04-21T17:01:56.424905+00:00,2026-04-21T17:01:56.484460+00:00,success,,,a126311
iot-asis-C-0063-607024,iot,as-is,C,2026-04-21T17:01:56.587862+00:00,2026-04-21T17:01:56.647729+00:00,success,,,a126311
iot-asis-C-0064-CCF89F,iot,as-is,C,2026-04-21T17:01:56.751698+00:00,2026-04-21T17:01:56.804069+00:00,success,,,a126311
iot-asis-C-0065-1F086A,iot,as-is,C,2026-04-21T17:01:56.906367+00:00,2026-04-21T17:01:56.958373+00:00,success,,,a126311
iot-asis-C-0066-9E67EF,iot,as-is,C,2026-04-21T17:01:57.060923+00:00,2026-04-21T17:01:57.114170+00:00,success,,,a126311
iot-asis-C-0067-91E955,iot,as-is,C,2026-04-21T17:01:57.216633+00:00,2026-04-21T17:01:57.252199+00:00,success,,,a126311
iot-asis-C-0068-E7A61A,iot,as-is,C,2026-04-21T17:01:57.353641+00:00,2026-04-21T17:01:57.392077+00:00,success,,,a126311
iot-asis-C-0069-D04531,iot,as-is,C,2026-04-21T17:01:57.495796+00:00,2026-04-21T17:01:57.528634+00:00,success,,,a126311
iot-asis-C-0070-E94D77,iot,as-is,C,2026-04-21T17:01:57.632321+00:00,2026-04-21T17:01:57.669833+00:00,success,,,a126311
iot-asis-C-0071-9D321C,iot,as-is,C,2026-04-21T17:01:57.774441+00:00,2026-04-21T17:01:57.828643+00:00,success,,,a126311
iot-asis-C-0072-74E65D,iot,as-is,C,2026-04-21T17:01:57.931080+00:00,2026-04-21T17:01:57.971691+00:00,success,,,a126311
iot-asis-C-0073-771E6F,iot,as-is,C,2026-04-21T17:01:58.074928+00:00,2026-04-21T17:01:58.110149+00:00,success,,,a126311
iot-asis-C-0074-8B5A58,iot,as-is,C,2026-04-21T17:01:58.212692+00:00,2026-04-21T17:01:58.247222+00:00,success,,,a126311
iot-asis-C-0075-245E5D,iot,as-is,C,2026-04-21T17:01:58.351963+00:00,2026-04-21T17:01:58.397350+00:00,success,,,a126311
iot-asis-C-0076-7B1534,iot,as-is,C,2026-04-21T17:01:58.500232+00:00,2026-04-21T17:01:58.552625+00:00,success,,,a126311
iot-asis-C-0077-B77DE6,iot,as-is,C,2026-04-21T17:01:58.655202+00:00,2026-04-21T17:01:58.689829+00:00,success,,,a126311
iot-asis-C-0078-5AC5F6,iot,as-is,C,2026-04-21T17:01:58.794468+00:00,2026-04-21T17:01:58.848832+00:00,success,,,a126311
iot-asis-C-0079-2C2FCE,iot,as-is,C,2026-04-21T17:01:58.951400+00:00,2026-04-21T17:01:59.000877+00:00,success,,,a126311
iot-asis-C-0080-2ECE35,iot,as-is,C,2026-04-21T17:01:59.104095+00:00,2026-04-21T17:01:59.157389+00:00,success,,,a126311
iot-asis-C-0081-CA1528,iot,as-is,C,2026-04-21T17:01:59.260050+00:00,2026-04-21T17:01:59.295675+00:00,success,,,a126311
iot-asis-C-0082-6135F9,iot,as-is,C,2026-04-21T17:01:59.398665+00:00,2026-04-21T17:01:59.433620+00:00,success,,,a126311
iot-asis-C-0083-F31535,iot,as-is,C,2026-04-21T17:01:59.537769+00:00,2026-04-21T17:01:59.595558+00:00,success,,,a126311
iot-asis-C-0084-E7AC83,iot,as-is,C,2026-04-21T17:01:59.698029+00:00,2026-04-21T17:01:59.732468+00:00,success,,,a126311
iot-asis-C-0085-E6F9CD,iot,as-is,C,2026-04-21T17:01:59.835927+00:00,2026-04-21T17:01:59.887465+00:00,success,,,a126311
iot-asis-C-0086-D607FC,iot,as-is,C,2026-04-21T17:01:59.990168+00:00,2026-04-21T17:02:00.047339+00:00,success,,,a126311
iot-asis-C-0087-D2172D,iot,as-is,C,2026-04-21T17:02:00.150319+00:00,2026-04-21T17:02:00.187632+00:00,success,,,a126311
iot-asis-C-0088-BF9B85,iot,as-is,C,2026-04-21T17:02:00.291324+00:00,2026-04-21T17:02:00.326142+00:00,success,,,a126311
iot-asis-C-0089-7B635B,iot,as-is,C,2026-04-21T17:02:00.428841+00:00,2026-04-21T17:02:00.466172+00:00,success,,,a126311
iot-asis-C-0090-A17DDA,iot,as-is,C,2026-04-21T17:02:00.569150+00:00,2026-04-21T17:02:00.622106+00:00,success,,,a126311
iot-asis-C-0091-D25FB4,iot,as-is,C,2026-04-21T17:02:00.724615+00:00,2026-04-21T17:02:00.759113+00:00,success,,,a126311
iot-asis-C-0092-680DBB,iot,as-is,C,2026-04-21T17:02:00.862006+00:00,2026-04-21T17:02:00.898214+00:00,success,,,a126311
iot-asis-C-0093-4F1038,iot,as-is,C,2026-04-21T17:02:01.000748+00:00,2026-04-21T17:02:01.036454+00:00,success,,,a126311
iot-asis-C-0094-E9C934,iot,as-is,C,2026-04-21T17:02:01.140972+00:00,2026-04-21T17:02:01.175316+00:00,success,,,a126311
iot-asis-C-0095-A28334,iot,as-is,C,2026-04-21T17:02:01.277931+00:00,2026-04-21T17:02:01.313876+00:00,success,,,a126311
iot-asis-C-0096-E3E978,iot,as-is,C,2026-04-21T17:02:01.418213+00:00,2026-04-21T17:02:01.452151+00:00,success,,,a126311
iot-asis-C-0097-D36AA2,iot,as-is,C,2026-04-21T17:02:01.555052+00:00,2026-04-21T17:02:01.594364+00:00,success,,,a126311
iot-asis-C-0098-1C6E95,iot,as-is,C,2026-04-21T17:02:01.697236+00:00,2026-04-21T17:02:01.733657+00:00,success,,,a126311
iot-asis-C-0099-B9D173,iot,as-is,C,2026-04-21T17:02:01.835871+00:00,2026-04-21T17:02:01.872089+00:00,success,,,a126311
iot-asis-C-0100-5E1889,iot,as-is,C,2026-04-21T17:02:01.976206+00:00,2026-04-21T17:02:02.039827+00:00,success,,,a126311
iot-asis-C-0101-DF14A3,iot,as-is,C,2026-04-21T17:02:02.142521+00:00,2026-04-21T17:02:02.179636+00:00,success,,,a126311
iot-asis-C-0102-A97B3D,iot,as-is,C,2026-04-21T17:02:02.281995+00:00,2026-04-21T17:02:02.323095+00:00,success,,,a126311
iot-asis-C-0103-D189DF,iot,as-is,C,2026-04-21T17:02:02.425780+00:00,2026-04-21T17:02:02.458442+00:00,success,,,a126311
iot-asis-C-0104-635670,iot,as-is,C,2026-04-21T17:02:02.561142+00:00,2026-04-21T17:02:02.596123+00:00,success,,,a126311
iot-asis-C-0105-E68843,iot,as-is,C,2026-04-21T17:02:02.700828+00:00,2026-04-21T17:02:02.742089+00:00,success,,,a126311
iot-asis-C-0106-32A91E,iot,as-is,C,2026-04-21T17:02:02.844924+00:00,2026-04-21T17:02:02.881221+00:00,success,,,a126311
iot-asis-C-0107-DB2B2A,iot,as-is,C,2026-04-21T17:02:02.985157+00:00,2026-04-21T17:02:03.037078+00:00,success,,,a126311
iot-asis-C-0108-67DCA8,iot,as-is,C,2026-04-21T17:02:03.140611+00:00,2026-04-21T17:02:03.196665+00:00,success,,,a126311
iot-asis-C-0109-F72983,iot,as-is,C,2026-04-21T17:02:03.299008+00:00,2026-04-21T17:02:03.352476+00:00,success,,,a126311
iot-asis-C-0110-CA87E8,iot,as-is,C,2026-04-21T17:02:03.456693+00:00,2026-04-21T17:02:03.503880+00:00,success,,,a126311
iot-asis-C-0111-44E7EB,iot,as-is,C,2026-04-21T17:02:03.606220+00:00,2026-04-21T17:02:03.642675+00:00,success,,,a126311
iot-asis-C-0112-3C84C9,iot,as-is,C,2026-04-21T17:02:03.745667+00:00,2026-04-21T17:02:03.804320+00:00,success,,,a126311
iot-asis-C-0113-F2A385,iot,as-is,C,2026-04-21T17:02:03.905921+00:00,2026-04-21T17:02:03.941535+00:00,success,,,a126311
iot-asis-C-0114-3EE5AF,iot,as-is,C,2026-04-21T17:02:04.044983+00:00,2026-04-21T17:02:04.096441+00:00,success,,,a126311
iot-asis-C-0115-8D48B2,iot,as-is,C,2026-04-21T17:02:04.198648+00:00,2026-04-21T17:02:04.236406+00:00,success,,,a126311
iot-asis-C-0116-A871FC,iot,as-is,C,2026-04-21T17:02:04.338522+00:00,2026-04-21T17:02:04.378100+00:00,success,,,a126311
iot-asis-C-0117-561C56,iot,as-is,C,2026-04-21T17:02:04.481795+00:00,2026-04-21T17:02:04.519102+00:00,success,,,a126311
iot-asis-C-0118-49CA41,iot,as-is,C,2026-04-21T17:02:04.621415+00:00,2026-04-21T17:02:04.657557+00:00,success,,,a126311
iot-asis-C-0119-EEE76E,iot,as-is,C,2026-04-21T17:02:04.762347+00:00,2026-04-21T17:02:04.815993+00:00,success,,,a126311
iot-asis-C-0120-861BA4,iot,as-is,C,2026-04-21T17:02:04.918324+00:00,2026-04-21T17:02:04.960863+00:00,success,,,a126311
iot-asis-C-0121-A54D40,iot,as-is,C,2026-04-21T17:02:05.064488+00:00,2026-04-21T17:02:05.096911+00:00,success,,,a126311
iot-asis-C-0122-E378AC,iot,as-is,C,2026-04-21T17:02:05.199706+00:00,2026-04-21T17:02:05.234516+00:00,success,,,a126311
iot-asis-C-0123-81A8B8,iot,as-is,C,2026-04-21T17:02:05.337499+00:00,2026-04-21T17:02:05.372410+00:00,success,,,a126311
iot-asis-C-0124-B3ED0C,iot,as-is,C,2026-04-21T17:02:05.475249+00:00,2026-04-21T17:02:05.511426+00:00,success,,,a126311
iot-asis-C-0125-909026,iot,as-is,C,2026-04-21T17:02:05.613905+00:00,2026-04-21T17:02:05.659012+00:00,success,,,a126311
iot-asis-C-0126-AC8FEC,iot,as-is,C,2026-04-21T17:02:05.762273+00:00,2026-04-21T17:02:05.817440+00:00,success,,,a126311
iot-asis-C-0127-6A9005,iot,as-is,C,2026-04-21T17:02:05.919311+00:00,2026-04-21T17:02:05.972244+00:00,success,,,a126311
iot-asis-C-0128-0FFE62,iot,as-is,C,2026-04-21T17:02:06.075579+00:00,2026-04-21T17:02:06.113583+00:00,success,,,a126311
iot-asis-C-0129-6A6F8C,iot,as-is,C,2026-04-21T17:02:06.216157+00:00,2026-04-21T17:02:06.264469+00:00,success,,,a126311
iot-asis-C-0130-900A32,iot,as-is,C,2026-04-21T17:02:06.367669+00:00,2026-04-21T17:02:06.424259+00:00,success,,,a126311
iot-asis-C-0131-555451,iot,as-is,C,2026-04-21T17:02:06.526254+00:00,2026-04-21T17:02:06.575331+00:00,success,,,a126311
iot-asis-C-0132-2862C0,iot,as-is,C,2026-04-21T17:02:06.678954+00:00,2026-04-21T17:02:06.716151+00:00,success,,,a126311
iot-asis-C-0133-D48C41,iot,as-is,C,2026-04-21T17:02:06.820023+00:00,2026-04-21T17:02:06.854144+00:00,success,,,a126311
iot-asis-C-0134-E41BA6,iot,as-is,C,2026-04-21T17:02:06.956111+00:00,2026-04-21T17:02:07.010447+00:00,success,,,a126311
iot-asis-C-0135-3699B4,iot,as-is,C,2026-04-21T17:02:07.113514+00:00,2026-04-21T17:02:07.155333+00:00,success,,,a126311
iot-asis-C-0136-AB57E2,iot,as-is,C,2026-04-21T17:02:07.257280+00:00,2026-04-21T17:02:07.301017+00:00,success,,,a126311
iot-asis-C-0137-D2BC41,iot,as-is,C,2026-04-21T17:02:07.404623+00:00,2026-04-21T17:02:07.439696+00:00,success,,,a126311
iot-asis-C-0138-6C1817,iot,as-is,C,2026-04-21T17:02:07.542804+00:00,2026-04-21T17:02:07.577804+00:00,success,,,a126311
iot-asis-C-0139-01B9AE,iot,as-is,C,2026-04-21T17:02:07.680088+00:00,2026-04-21T17:02:07.716058+00:00,success,,,a126311
iot-asis-C-0140-755185,iot,as-is,C,2026-04-21T17:02:07.818877+00:00,2026-04-21T17:02:07.872489+00:00,success,,,a126311
iot-asis-C-0141-8CAF05,iot,as-is,C,2026-04-21T17:02:07.977548+00:00,2026-04-21T17:02:08.038234+00:00,success,,,a126311
iot-asis-C-0142-A5306F,iot,as-is,C,2026-04-21T17:02:08.139926+00:00,2026-04-21T17:02:08.192268+00:00,success,,,a126311
iot-asis-C-0143-DB4F39,iot,as-is,C,2026-04-21T17:02:08.295320+00:00,2026-04-21T17:02:08.347116+00:00,success,,,a126311
iot-asis-C-0144-E67201,iot,as-is,C,2026-04-21T17:02:08.449608+00:00,2026-04-21T17:02:08.504846+00:00,success,,,a126311
iot-asis-C-0145-00D76B,iot,as-is,C,2026-04-21T17:02:08.607855+00:00,2026-04-21T17:02:08.647883+00:00,success,,,a126311
iot-asis-C-0146-769A0A,iot,as-is,C,2026-04-21T17:02:08.749914+00:00,2026-04-21T17:02:08.786825+00:00,success,,,a126311
iot-asis-C-0147-CAB219,iot,as-is,C,2026-04-21T17:02:08.888875+00:00,2026-04-21T17:02:08.935884+00:00,success,,,a126311
iot-asis-C-0148-CB5112,iot,as-is,C,2026-04-21T17:02:09.039274+00:00,2026-04-21T17:02:09.072708+00:00,success,,,a126311
iot-asis-C-0149-EE20EC,iot,as-is,C,2026-04-21T17:02:09.175857+00:00,2026-04-21T17:02:09.218051+00:00,success,,,a126311
iot-asis-C-0150-9E3E06,iot,as-is,C,2026-04-21T17:02:09.320844+00:00,2026-04-21T17:02:09.354705+00:00,success,,,a126311
iot-asis-C-0151-FFC540,iot,as-is,C,2026-04-21T17:02:09.458434+00:00,2026-04-21T17:02:09.512390+00:00,success,,,a126311
iot-asis-C-0152-5DB766,iot,as-is,C,2026-04-21T17:02:09.615680+00:00,2026-04-21T17:02:09.651313+00:00,success,,,a126311
iot-asis-C-0153-4DC7EA,iot,as-is,C,2026-04-21T17:02:09.755557+00:00,2026-04-21T17:02:09.807966+00:00,success,,,a126311
iot-asis-C-0154-03AF17,iot,as-is,C,2026-04-21T17:02:09.909995+00:00,2026-04-21T17:02:09.951085+00:00,success,,,a126311
iot-asis-C-0155-7AF67B,iot,as-is,C,2026-04-21T17:02:10.054699+00:00,2026-04-21T17:02:10.119781+00:00,success,,,a126311
iot-asis-C-0156-16B286,iot,as-is,C,2026-04-21T17:02:10.223787+00:00,2026-04-21T17:02:10.278099+00:00,success,,,a126311
iot-asis-C-0157-667CFB,iot,as-is,C,2026-04-21T17:02:10.380152+00:00,2026-04-21T17:02:10.437604+00:00,success,,,a126311
iot-asis-C-0158-E62312,iot,as-is,C,2026-04-21T17:02:10.540126+00:00,2026-04-21T17:02:10.589821+00:00,success,,,a126311
iot-asis-C-0159-164E49,iot,as-is,C,2026-04-21T17:02:10.692087+00:00,2026-04-21T17:02:10.745023+00:00,success,,,a126311
iot-asis-C-0160-922BB5,iot,as-is,C,2026-04-21T17:02:10.848250+00:00,2026-04-21T17:02:10.885935+00:00,success,,,a126311
iot-asis-C-0161-243889,iot,as-is,C,2026-04-21T17:02:10.988360+00:00,2026-04-21T17:02:11.045073+00:00,success,,,a126311
iot-asis-C-0162-226CB8,iot,as-is,C,2026-04-21T17:02:11.147693+00:00,2026-04-21T17:02:11.201331+00:00,success,,,a126311
iot-asis-C-0163-8CADBF,iot,as-is,C,2026-04-21T17:02:11.304469+00:00,2026-04-21T17:02:11.355142+00:00,success,,,a126311
iot-asis-C-0164-EECC97,iot,as-is,C,2026-04-21T17:02:11.458564+00:00,2026-04-21T17:02:11.497421+00:00,success,,,a126311
iot-asis-C-0165-32A566,iot,as-is,C,2026-04-21T17:02:11.600151+00:00,2026-04-21T17:02:11.647558+00:00,success,,,a126311
iot-asis-C-0166-47FBA6,iot,as-is,C,2026-04-21T17:02:11.749488+00:00,2026-04-21T17:02:11.784659+00:00,success,,,a126311
iot-asis-C-0167-E31D95,iot,as-is,C,2026-04-21T17:02:11.887346+00:00,2026-04-21T17:02:11.943085+00:00,success,,,a126311
iot-asis-C-0168-815BA0,iot,as-is,C,2026-04-21T17:02:12.045357+00:00,2026-04-21T17:02:12.101766+00:00,success,,,a126311
iot-asis-C-0169-71012B,iot,as-is,C,2026-04-21T17:02:12.206157+00:00,2026-04-21T17:02:12.252355+00:00,success,,,a126311
iot-asis-C-0170-A2A27F,iot,as-is,C,2026-04-21T17:02:12.354370+00:00,2026-04-21T17:02:12.405066+00:00,success,,,a126311
iot-asis-C-0171-6C0EAC,iot,as-is,C,2026-04-21T17:02:12.507059+00:00,2026-04-21T17:02:12.563048+00:00,success,,,a126311
iot-asis-C-0172-1F8791,iot,as-is,C,2026-04-21T17:02:12.665459+00:00,2026-04-21T17:02:12.702562+00:00,success,,,a126311
iot-asis-C-0173-2A2F44,iot,as-is,C,2026-04-21T17:02:12.805331+00:00,2026-04-21T17:02:12.843078+00:00,success,,,a126311
iot-asis-C-0174-C2DB7F,iot,as-is,C,2026-04-21T17:02:12.945780+00:00,2026-04-21T17:02:12.986617+00:00,success,,,a126311
iot-asis-C-0175-30047A,iot,as-is,C,2026-04-21T17:02:13.089028+00:00,2026-04-21T17:02:13.126771+00:00,success,,,a126311
iot-asis-C-0176-5D2DC1,iot,as-is,C,2026-04-21T17:02:13.229443+00:00,2026-04-21T17:02:13.276875+00:00,success,,,a126311
iot-asis-C-0177-68CEE8,iot,as-is,C,2026-04-21T17:02:13.378226+00:00,2026-04-21T17:02:13.414701+00:00,success,,,a126311
iot-asis-C-0178-1272F2,iot,as-is,C,2026-04-21T17:02:13.517308+00:00,2026-04-21T17:02:13.574095+00:00,success,,,a126311
iot-asis-C-0179-298C0D,iot,as-is,C,2026-04-21T17:02:13.675890+00:00,2026-04-21T17:02:13.711921+00:00,success,,,a126311
iot-asis-C-0180-C8C6D6,iot,as-is,C,2026-04-21T17:02:13.816566+00:00,2026-04-21T17:02:13.868631+00:00,success,,,a126311
iot-asis-C-0181-C50BDA,iot,as-is,C,2026-04-21T17:02:13.971326+00:00,2026-04-21T17:02:14.010690+00:00,success,,,a126311
iot-asis-C-0182-FBD470,iot,as-is,C,2026-04-21T17:02:14.115392+00:00,2026-04-21T17:02:14.163736+00:00,success,,,a126311
iot-asis-C-0183-DFA064,iot,as-is,C,2026-04-21T17:02:14.266213+00:00,2026-04-21T17:02:14.321895+00:00,success,,,a126311
iot-asis-C-0184-3ACD8B,iot,as-is,C,2026-04-21T17:02:14.424484+00:00,2026-04-21T17:02:14.469809+00:00,success,,,a126311
iot-asis-C-0185-53514D,iot,as-is,C,2026-04-21T17:02:14.572842+00:00,2026-04-21T17:02:14.607727+00:00,success,,,a126311
iot-asis-C-0186-44E188,iot,as-is,C,2026-04-21T17:02:14.709863+00:00,2026-04-21T17:02:14.767647+00:00,success,,,a126311
iot-asis-C-0187-2FA775,iot,as-is,C,2026-04-21T17:02:14.869650+00:00,2026-04-21T17:02:14.939870+00:00,success,,,a126311
iot-asis-C-0188-B50459,iot,as-is,C,2026-04-21T17:02:15.042085+00:00,2026-04-21T17:02:15.098779+00:00,success,,,a126311
iot-asis-C-0189-017111,iot,as-is,C,2026-04-21T17:02:15.200567+00:00,2026-04-21T17:02:15.239216+00:00,success,,,a126311
iot-asis-C-0190-92FF60,iot,as-is,C,2026-04-21T17:02:15.341255+00:00,2026-04-21T17:02:15.377294+00:00,success,,,a126311
iot-asis-C-0191-974C14,iot,as-is,C,2026-04-21T17:02:15.479826+00:00,2026-04-21T17:02:15.532725+00:00,success,,,a126311
iot-asis-C-0192-B9A910,iot,as-is,C,2026-04-21T17:02:15.634978+00:00,2026-04-21T17:02:15.686301+00:00,success,,,a126311
iot-asis-C-0193-1BE4A4,iot,as-is,C,2026-04-21T17:02:15.789061+00:00,2026-04-21T17:02:15.823831+00:00,success,,,a126311
iot-asis-C-0194-BB0009,iot,as-is,C,2026-04-21T17:02:15.926977+00:00,2026-04-21T17:02:15.984042+00:00,success,,,a126311
iot-asis-C-0195-B6BC7D,iot,as-is,C,2026-04-21T17:02:16.086748+00:00,2026-04-21T17:02:16.121559+00:00,success,,,a126311
iot-asis-C-0196-12D4BB,iot,as-is,C,2026-04-21T17:02:16.225985+00:00,2026-04-21T17:02:16.278328+00:00,success,,,a126311
iot-asis-C-0197-843CE9,iot,as-is,C,2026-04-21T17:02:16.380689+00:00,2026-04-21T17:02:16.417930+00:00,success,,,a126311
iot-asis-C-0198-6C494D,iot,as-is,C,2026-04-21T17:02:16.521933+00:00,2026-04-21T17:02:16.560781+00:00,success,,,a126311
iot-asis-C-0199-1DD9AD,iot,as-is,C,2026-04-21T17:02:16.663328+00:00,2026-04-21T17:02:16.697118+00:00,success,,,a126311
iot-asis-D-0000-C56A27,iot,as-is,D,2026-04-21T17:02:16.802574+00:00,2026-04-21T17:02:16.899480+00:00,success,,,a126311
iot-asis-D-0001-B16B95,iot,as-is,D,2026-04-21T17:02:17.001765+00:00,2026-04-21T17:02:17.068856+00:00,success,,,a126311
iot-asis-D-0002-5C404C,iot,as-is,D,2026-04-21T17:02:17.171193+00:00,2026-04-21T17:02:17.239283+00:00,success,,,a126311
iot-asis-D-0003-C9BD83,iot,as-is,D,2026-04-21T17:02:17.341677+00:00,2026-04-21T17:02:17.411161+00:00,success,,,a126311
iot-asis-D-0004-76A661,iot,as-is,D,2026-04-21T17:02:17.512940+00:00,2026-04-21T17:02:17.581066+00:00,success,,,a126311
iot-asis-D-0005-AF24A5,iot,as-is,D,2026-04-21T17:02:17.683020+00:00,2026-04-21T17:02:17.752621+00:00,success,,,a126311
iot-asis-D-0006-DFD6AB,iot,as-is,D,2026-04-21T17:02:17.854560+00:00,2026-04-21T17:02:17.940420+00:00,success,,,a126311
iot-asis-D-0007-2E159F,iot,as-is,D,2026-04-21T17:02:18.042199+00:00,2026-04-21T17:02:18.128577+00:00,success,,,a126311
iot-asis-D-0008-075BB1,iot,as-is,D,2026-04-21T17:02:18.230392+00:00,2026-04-21T17:02:18.306292+00:00,success,,,a126311
iot-asis-D-0009-6E7FC5,iot,as-is,D,2026-04-21T17:02:18.408748+00:00,2026-04-21T17:02:18.478921+00:00,success,,,a126311
iot-asis-D-0010-704BAE,iot,as-is,D,2026-04-21T17:02:18.581276+00:00,2026-04-21T17:02:18.652953+00:00,success,,,a126311
iot-asis-D-0011-BAA8C9,iot,as-is,D,2026-04-21T17:02:18.755852+00:00,2026-04-21T17:02:18.842666+00:00,success,,,a126311
iot-asis-D-0012-B92FC0,iot,as-is,D,2026-04-21T17:02:18.945437+00:00,2026-04-21T17:02:19.009788+00:00,success,,,a126311
iot-asis-D-0013-A8E04B,iot,as-is,D,2026-04-21T17:02:19.111352+00:00,2026-04-21T17:02:19.176634+00:00,success,,,a126311
iot-asis-D-0014-B4A142,iot,as-is,D,2026-04-21T17:02:19.278756+00:00,2026-04-21T17:02:19.346171+00:00,success,,,a126311
iot-asis-D-0015-C9BDCE,iot,as-is,D,2026-04-21T17:02:19.448592+00:00,2026-04-21T17:02:19.525792+00:00,success,,,a126311
iot-asis-D-0016-0D8AAB,iot,as-is,D,2026-04-21T17:02:19.627897+00:00,2026-04-21T17:02:19.744395+00:00,success,,,a126311
iot-asis-D-0017-EAA92F,iot,as-is,D,2026-04-21T17:02:19.846164+00:00,2026-04-21T17:02:19.929101+00:00,success,,,a126311
iot-asis-D-0018-C3BB0C,iot,as-is,D,2026-04-21T17:02:20.030999+00:00,2026-04-21T17:02:20.098598+00:00,success,,,a126311
iot-asis-D-0019-2526E6,iot,as-is,D,2026-04-21T17:02:20.201115+00:00,2026-04-21T17:02:20.270994+00:00,success,,,a126311
iot-asis-D-0020-1C6783,iot,as-is,D,2026-04-21T17:02:20.372865+00:00,2026-04-21T17:02:20.445559+00:00,success,,,a126311
iot-asis-D-0021-DE1579,iot,as-is,D,2026-04-21T17:02:20.547250+00:00,2026-04-21T17:02:20.618147+00:00,success,,,a126311
iot-asis-D-0022-8F031E,iot,as-is,D,2026-04-21T17:02:20.719904+00:00,2026-04-21T17:02:20.797219+00:00,success,,,a126311
iot-asis-D-0023-FCE0D3,iot,as-is,D,2026-04-21T17:02:20.899693+00:00,2026-04-21T17:02:20.982727+00:00,success,,,a126311
iot-asis-D-0024-DB2090,iot,as-is,D,2026-04-21T17:02:21.085558+00:00,2026-04-21T17:02:21.151758+00:00,success,,,a126311
iot-asis-D-0025-495C42,iot,as-is,D,2026-04-21T17:02:21.253873+00:00,2026-04-21T17:02:21.322672+00:00,success,,,a126311
iot-asis-D-0026-259C4E,iot,as-is,D,2026-04-21T17:02:21.425454+00:00,2026-04-21T17:02:21.509244+00:00,success,,,a126311
iot-asis-D-0027-A26A32,iot,as-is,D,2026-04-21T17:02:21.611236+00:00,2026-04-21T17:02:21.678681+00:00,success,,,a126311
iot-asis-D-0028-19EBCB,iot,as-is,D,2026-04-21T17:02:21.780555+00:00,2026-04-21T17:02:21.856094+00:00,success,,,a126311
iot-asis-D-0029-3686F9,iot,as-is,D,2026-04-21T17:02:21.958150+00:00,2026-04-21T17:02:22.046371+00:00,success,,,a126311
iot-asis-D-0030-C08B37,iot,as-is,D,2026-04-21T17:02:22.148442+00:00,2026-04-21T17:02:22.220490+00:00,success,,,a126311
iot-asis-D-0031-A52353,iot,as-is,D,2026-04-21T17:02:22.322205+00:00,2026-04-21T17:02:22.409570+00:00,success,,,a126311
iot-asis-D-0032-42E5DE,iot,as-is,D,2026-04-21T17:02:22.511915+00:00,2026-04-21T17:02:22.584059+00:00,success,,,a126311
iot-asis-D-0033-01B0CC,iot,as-is,D,2026-04-21T17:02:22.686043+00:00,2026-04-21T17:02:22.755624+00:00,success,,,a126311
iot-asis-D-0034-4225BC,iot,as-is,D,2026-04-21T17:02:22.858188+00:00,2026-04-21T17:02:22.936512+00:00,success,,,a126311
iot-asis-D-0035-058456,iot,as-is,D,2026-04-21T17:02:23.038534+00:00,2026-04-21T17:02:23.110078+00:00,success,,,a126311
iot-asis-D-0036-CDE789,iot,as-is,D,2026-04-21T17:02:23.212335+00:00,2026-04-21T17:02:23.300181+00:00,success,,,a126311
iot-asis-D-0037-2814C8,iot,as-is,D,2026-04-21T17:02:23.402502+00:00,2026-04-21T17:02:23.469092+00:00,success,,,a126311
iot-asis-D-0038-0D02A0,iot,as-is,D,2026-04-21T17:02:23.570720+00:00,2026-04-21T17:02:23.656739+00:00,success,,,a126311
iot-asis-D-0039-65EEB3,iot,as-is,D,2026-04-21T17:02:23.758347+00:00,2026-04-21T17:02:23.843460+00:00,success,,,a126311
iot-asis-D-0040-4053A3,iot,as-is,D,2026-04-21T17:02:23.945723+00:00,2026-04-21T17:02:24.035519+00:00,success,,,a126311
iot-asis-D-0041-89DD28,iot,as-is,D,2026-04-21T17:02:24.137486+00:00,2026-04-21T17:02:24.236737+00:00,success,,,a126311
iot-asis-D-0042-EFACD5,iot,as-is,D,2026-04-21T17:02:24.339129+00:00,2026-04-21T17:02:24.409790+00:00,success,,,a126311
iot-asis-D-0043-2C3EB7,iot,as-is,D,2026-04-21T17:02:24.512892+00:00,2026-04-21T17:02:24.579331+00:00,success,,,a126311
iot-asis-D-0044-042105,iot,as-is,D,2026-04-21T17:02:24.680933+00:00,2026-04-21T17:02:24.771643+00:00,success,,,a126311
iot-asis-D-0045-CACF7B,iot,as-is,D,2026-04-21T17:02:24.874207+00:00,2026-04-21T17:02:24.947804+00:00,success,,,a126311
iot-asis-D-0046-8109F0,iot,as-is,D,2026-04-21T17:02:25.050908+00:00,2026-04-21T17:02:25.118559+00:00,success,,,a126311
iot-asis-D-0047-98BB62,iot,as-is,D,2026-04-21T17:02:25.220083+00:00,2026-04-21T17:02:25.294766+00:00,success,,,a126311
iot-asis-D-0048-CA566B,iot,as-is,D,2026-04-21T17:02:25.396957+00:00,2026-04-21T17:02:25.476618+00:00,success,,,a126311
iot-asis-D-0049-B40F79,iot,as-is,D,2026-04-21T17:02:25.578930+00:00,2026-04-21T17:02:25.648499+00:00,success,,,a126311
iot-asis-D-0050-E2BD7C,iot,as-is,D,2026-04-21T17:02:25.750958+00:00,2026-04-21T17:02:25.816483+00:00,success,,,a126311
iot-asis-D-0051-F25C95,iot,as-is,D,2026-04-21T17:02:25.918413+00:00,2026-04-21T17:02:26.008707+00:00,success,,,a126311
iot-asis-D-0052-253313,iot,as-is,D,2026-04-21T17:02:26.111384+00:00,2026-04-21T17:02:26.177493+00:00,success,,,a126311
iot-asis-D-0053-BCF6C4,iot,as-is,D,2026-04-21T17:02:26.279362+00:00,2026-04-21T17:02:26.350395+00:00,success,,,a126311
iot-asis-D-0054-A96626,iot,as-is,D,2026-04-21T17:02:26.452270+00:00,2026-04-21T17:02:26.520327+00:00,success,,,a126311
iot-asis-D-0055-78BF1E,iot,as-is,D,2026-04-21T17:02:26.623052+00:00,2026-04-21T17:02:26.735770+00:00,success,,,a126311
iot-asis-D-0056-D6D0D6,iot,as-is,D,2026-04-21T17:02:26.838208+00:00,2026-04-21T17:02:26.911358+00:00,success,,,a126311
iot-asis-D-0057-911D0F,iot,as-is,D,2026-04-21T17:02:27.014623+00:00,2026-04-21T17:02:27.109203+00:00,success,,,a126311
iot-asis-D-0058-F6739C,iot,as-is,D,2026-04-21T17:02:27.211043+00:00,2026-04-21T17:02:27.278525+00:00,success,,,a126311
iot-asis-D-0059-E6C5DE,iot,as-is,D,2026-04-21T17:02:27.380639+00:00,2026-04-21T17:02:27.451334+00:00,success,,,a126311
iot-asis-D-0060-74AD7C,iot,as-is,D,2026-04-21T17:02:27.553452+00:00,2026-04-21T17:02:27.645633+00:00,success,,,a126311
iot-asis-D-0061-303967,iot,as-is,D,2026-04-21T17:02:27.747544+00:00,2026-04-21T17:02:27.815694+00:00,success,,,a126311
iot-asis-D-0062-6FBBF7,iot,as-is,D,2026-04-21T17:02:27.917874+00:00,2026-04-21T17:02:27.996438+00:00,success,,,a126311
iot-asis-D-0063-14D6B3,iot,as-is,D,2026-04-21T17:02:28.098696+00:00,2026-04-21T17:02:28.181718+00:00,success,,,a126311
iot-asis-D-0064-B090D3,iot,as-is,D,2026-04-21T17:02:28.284138+00:00,2026-04-21T17:02:28.382262+00:00,success,,,a126311
iot-asis-D-0065-754316,iot,as-is,D,2026-04-21T17:02:28.484168+00:00,2026-04-21T17:02:28.574611+00:00,success,,,a126311
iot-asis-D-0066-0CB072,iot,as-is,D,2026-04-21T17:02:28.676830+00:00,2026-04-21T17:02:28.762717+00:00,success,,,a126311
iot-asis-D-0067-0C485E,iot,as-is,D,2026-04-21T17:02:28.864649+00:00,2026-04-21T17:02:28.947710+00:00,success,,,a126311
iot-asis-D-0068-7E7D87,iot,as-is,D,2026-04-21T17:02:29.049736+00:00,2026-04-21T17:02:29.132182+00:00,success,,,a126311
iot-asis-D-0069-DFA189,iot,as-is,D,2026-04-21T17:02:29.234364+00:00,2026-04-21T17:02:29.302327+00:00,success,,,a126311
iot-asis-D-0070-9723A3,iot,as-is,D,2026-04-21T17:02:29.404479+00:00,2026-04-21T17:02:29.486373+00:00,success,,,a126311
iot-asis-D-0071-F3183B,iot,as-is,D,2026-04-21T17:02:29.588039+00:00,2026-04-21T17:02:29.679837+00:00,success,,,a126311
iot-asis-D-0072-907655,iot,as-is,D,2026-04-21T17:02:29.782270+00:00,2026-04-21T17:02:29.851860+00:00,success,,,a126311
iot-asis-D-0073-C1B219,iot,as-is,D,2026-04-21T17:02:29.954613+00:00,2026-04-21T17:02:30.018484+00:00,success,,,a126311
iot-asis-D-0074-7E3EEE,iot,as-is,D,2026-04-21T17:02:30.120384+00:00,2026-04-21T17:02:30.187961+00:00,success,,,a126311
iot-asis-D-0075-1EAF87,iot,as-is,D,2026-04-21T17:02:30.290332+00:00,2026-04-21T17:02:30.372844+00:00,success,,,a126311
iot-asis-D-0076-4882B1,iot,as-is,D,2026-04-21T17:02:30.475284+00:00,2026-04-21T17:02:30.560975+00:00,success,,,a126311
iot-asis-D-0077-1C241F,iot,as-is,D,2026-04-21T17:02:30.662836+00:00,2026-04-21T17:02:30.728279+00:00,success,,,a126311
iot-asis-D-0078-C26829,iot,as-is,D,2026-04-21T17:02:30.830119+00:00,2026-04-21T17:02:30.913297+00:00,success,,,a126311
iot-asis-D-0079-7F8A97,iot,as-is,D,2026-04-21T17:02:31.015283+00:00,2026-04-21T17:02:31.109256+00:00,success,,,a126311
iot-asis-D-0080-4A4047,iot,as-is,D,2026-04-21T17:02:31.212286+00:00,2026-04-21T17:02:31.297232+00:00,success,,,a126311
iot-asis-D-0081-BD6862,iot,as-is,D,2026-04-21T17:02:31.399183+00:00,2026-04-21T17:02:31.489863+00:00,success,,,a126311
iot-asis-D-0082-CCBB55,iot,as-is,D,2026-04-21T17:02:31.592874+00:00,2026-04-21T17:02:31.662360+00:00,success,,,a126311
iot-asis-D-0083-4A0296,iot,as-is,D,2026-04-21T17:02:31.765385+00:00,2026-04-21T17:02:31.847398+00:00,success,,,a126311
iot-asis-D-0084-CA874F,iot,as-is,D,2026-04-21T17:02:31.949002+00:00,2026-04-21T17:02:32.016655+00:00,success,,,a126311
iot-asis-D-0085-CBE87D,iot,as-is,D,2026-04-21T17:02:32.118917+00:00,2026-04-21T17:02:32.194845+00:00,success,,,a126311
iot-asis-D-0086-4E3DE3,iot,as-is,D,2026-04-21T17:02:32.296605+00:00,2026-04-21T17:02:32.385017+00:00,success,,,a126311
iot-asis-D-0087-6DCD22,iot,as-is,D,2026-04-21T17:02:32.488072+00:00,2026-04-21T17:02:32.554750+00:00,success,,,a126311
iot-asis-D-0088-0228D8,iot,as-is,D,2026-04-21T17:02:32.656351+00:00,2026-04-21T17:02:32.725478+00:00,success,,,a126311
iot-asis-D-0089-451393,iot,as-is,D,2026-04-21T17:02:32.827764+00:00,2026-04-21T17:02:32.916127+00:00,success,,,a126311
iot-asis-D-0090-4152E2,iot,as-is,D,2026-04-21T17:02:33.018982+00:00,2026-04-21T17:02:33.087301+00:00,success,,,a126311
iot-asis-D-0091-E21B56,iot,as-is,D,2026-04-21T17:02:33.189174+00:00,2026-04-21T17:02:33.274256+00:00,success,,,a126311
iot-asis-D-0092-A4D2A8,iot,as-is,D,2026-04-21T17:02:33.376524+00:00,2026-04-21T17:02:33.444405+00:00,success,,,a126311
iot-asis-D-0093-58CE98,iot,as-is,D,2026-04-21T17:02:33.546415+00:00,2026-04-21T17:02:33.636150+00:00,success,,,a126311
iot-asis-D-0094-D4C16D,iot,as-is,D,2026-04-21T17:02:33.738925+00:00,2026-04-21T17:02:33.820564+00:00,success,,,a126311
iot-asis-D-0095-741051,iot,as-is,D,2026-04-21T17:02:33.922665+00:00,2026-04-21T17:02:34.012686+00:00,success,,,a126311
iot-asis-D-0096-4B6C77,iot,as-is,D,2026-04-21T17:02:34.114948+00:00,2026-04-21T17:02:34.195945+00:00,success,,,a126311
iot-asis-D-0097-1B5FD4,iot,as-is,D,2026-04-21T17:02:34.299004+00:00,2026-04-21T17:02:34.372977+00:00,success,,,a126311
iot-asis-D-0098-5EAD60,iot,as-is,D,2026-04-21T17:02:34.474897+00:00,2026-04-21T17:02:34.566418+00:00,success,,,a126311
iot-asis-D-0099-BD6BA5,iot,as-is,D,2026-04-21T17:02:34.668639+00:00,2026-04-21T17:02:34.735648+00:00,success,,,a126311
iot-asis-D-0100-20AA71,iot,as-is,D,2026-04-21T17:02:34.837594+00:00,2026-04-21T17:02:34.920473+00:00,success,,,a126311
iot-asis-D-0101-022B52,iot,as-is,D,2026-04-21T17:02:35.022215+00:00,2026-04-21T17:02:35.095095+00:00,success,,,a126311
iot-asis-D-0102-D846C2,iot,as-is,D,2026-04-21T17:02:35.197785+00:00,2026-04-21T17:02:35.263099+00:00,success,,,a126311
iot-asis-D-0103-F954FA,iot,as-is,D,2026-04-21T17:02:35.365535+00:00,2026-04-21T17:02:35.444546+00:00,success,,,a126311
iot-asis-D-0104-D99871,iot,as-is,D,2026-04-21T17:02:35.546682+00:00,2026-04-21T17:02:35.612050+00:00,success,,,a126311
iot-asis-D-0105-E7CFE5,iot,as-is,D,2026-04-21T17:02:35.714538+00:00,2026-04-21T17:02:35.781382+00:00,success,,,a126311
iot-asis-D-0106-DEBFEE,iot,as-is,D,2026-04-21T17:02:35.883663+00:00,2026-04-21T17:02:35.971279+00:00,success,,,a126311
iot-asis-D-0107-ABB553,iot,as-is,D,2026-04-21T17:02:36.073530+00:00,2026-04-21T17:02:36.143307+00:00,success,,,a126311
iot-asis-D-0108-506450,iot,as-is,D,2026-04-21T17:02:36.245591+00:00,2026-04-21T17:02:36.328817+00:00,success,,,a126311
iot-asis-D-0109-E5D29E,iot,as-is,D,2026-04-21T17:02:36.431300+00:00,2026-04-21T17:02:36.498770+00:00,success,,,a126311
iot-asis-D-0110-52A38D,iot,as-is,D,2026-04-21T17:02:36.600959+00:00,2026-04-21T17:02:36.687753+00:00,success,,,a126311
iot-asis-D-0111-48F272,iot,as-is,D,2026-04-21T17:02:36.790184+00:00,2026-04-21T17:02:36.859061+00:00,success,,,a126311
iot-asis-D-0112-3E02D3,iot,as-is,D,2026-04-21T17:02:36.961525+00:00,2026-04-21T17:02:37.044134+00:00,success,,,a126311
iot-asis-D-0113-DDAF6A,iot,as-is,D,2026-04-21T17:02:37.146507+00:00,2026-04-21T17:02:37.212001+00:00,success,,,a126311
iot-asis-D-0114-F5D457,iot,as-is,D,2026-04-21T17:02:37.313959+00:00,2026-04-21T17:02:37.383363+00:00,success,,,a126311
iot-asis-D-0115-C3899C,iot,as-is,D,2026-04-21T17:02:37.485975+00:00,2026-04-21T17:02:37.575514+00:00,success,,,a126311
iot-asis-D-0116-DF3002,iot,as-is,D,2026-04-21T17:02:37.677939+00:00,2026-04-21T17:02:37.764508+00:00,success,,,a126311
iot-asis-D-0117-9EB966,iot,as-is,D,2026-04-21T17:02:37.866778+00:00,2026-04-21T17:02:37.934540+00:00,success,,,a126311
iot-asis-D-0118-018CD9,iot,as-is,D,2026-04-21T17:02:38.036540+00:00,2026-04-21T17:02:38.119721+00:00,success,,,a126311
iot-asis-D-0119-FEE250,iot,as-is,D,2026-04-21T17:02:38.221502+00:00,2026-04-21T17:02:38.291319+00:00,success,,,a126311
iot-asis-D-0120-F36D9C,iot,as-is,D,2026-04-21T17:02:38.393611+00:00,2026-04-21T17:02:38.477550+00:00,success,,,a126311
iot-asis-D-0121-BDABEC,iot,as-is,D,2026-04-21T17:02:38.580535+00:00,2026-04-21T17:02:38.653509+00:00,success,,,a126311
iot-asis-D-0122-1F10E0,iot,as-is,D,2026-04-21T17:02:38.755737+00:00,2026-04-21T17:02:38.821418+00:00,success,,,a126311
iot-asis-D-0123-1054B4,iot,as-is,D,2026-04-21T17:02:38.923440+00:00,2026-04-21T17:02:38.992223+00:00,success,,,a126311
iot-asis-D-0124-721675,iot,as-is,D,2026-04-21T17:02:39.095263+00:00,2026-04-21T17:02:39.183911+00:00,success,,,a126311
iot-asis-D-0125-4F786F,iot,as-is,D,2026-04-21T17:02:39.287029+00:00,2026-04-21T17:02:39.380280+00:00,success,,,a126311
iot-asis-D-0126-D46953,iot,as-is,D,2026-04-21T17:02:39.482204+00:00,2026-04-21T17:02:39.559993+00:00,success,,,a126311
iot-asis-D-0127-7C3A77,iot,as-is,D,2026-04-21T17:02:39.664593+00:00,2026-04-21T17:02:39.761911+00:00,success,,,a126311
iot-asis-D-0128-F17073,iot,as-is,D,2026-04-21T17:02:39.864554+00:00,2026-04-21T17:02:39.937768+00:00,success,,,a126311
iot-asis-D-0129-2016F9,iot,as-is,D,2026-04-21T17:02:40.040054+00:00,2026-04-21T17:02:40.109829+00:00,success,,,a126311
iot-asis-D-0130-A53F64,iot,as-is,D,2026-04-21T17:02:40.212663+00:00,2026-04-21T17:02:40.288492+00:00,success,,,a126311
iot-asis-D-0131-7AD8C3,iot,as-is,D,2026-04-21T17:02:40.390849+00:00,2026-04-21T17:02:40.460920+00:00,success,,,a126311
iot-asis-D-0132-15A096,iot,as-is,D,2026-04-21T17:02:40.562983+00:00,2026-04-21T17:02:40.635237+00:00,success,,,a126311
iot-asis-D-0133-E6E7F7,iot,as-is,D,2026-04-21T17:02:40.737923+00:00,2026-04-21T17:02:40.821728+00:00,success,,,a126311
iot-asis-D-0134-1E7878,iot,as-is,D,2026-04-21T17:02:40.923677+00:00,2026-04-21T17:02:40.998813+00:00,success,,,a126311
iot-asis-D-0135-8B019A,iot,as-is,D,2026-04-21T17:02:41.101071+00:00,2026-04-21T17:02:41.172508+00:00,success,,,a126311
iot-asis-D-0136-A6D085,iot,as-is,D,2026-04-21T17:02:41.274269+00:00,2026-04-21T17:02:41.343560+00:00,success,,,a126311
iot-asis-D-0137-9F83F4,iot,as-is,D,2026-04-21T17:02:41.446518+00:00,2026-04-21T17:02:41.527174+00:00,success,,,a126311
iot-asis-D-0138-BA7E1A,iot,as-is,D,2026-04-21T17:02:41.629759+00:00,2026-04-21T17:02:41.724836+00:00,success,,,a126311
iot-asis-D-0139-AEAECA,iot,as-is,D,2026-04-21T17:02:41.826824+00:00,2026-04-21T17:02:41.903045+00:00,success,,,a126311
iot-asis-D-0140-BDAA59,iot,as-is,D,2026-04-21T17:02:42.005367+00:00,2026-04-21T17:02:42.107463+00:00,success,,,a126311
iot-asis-D-0141-E3C026,iot,as-is,D,2026-04-21T17:02:42.209976+00:00,2026-04-21T17:02:42.275701+00:00,success,,,a126311
iot-asis-D-0142-1D6D05,iot,as-is,D,2026-04-21T17:02:42.377806+00:00,2026-04-21T17:02:42.456260+00:00,success,,,a126311
iot-asis-D-0143-0B107E,iot,as-is,D,2026-04-21T17:02:42.558013+00:00,2026-04-21T17:02:42.626860+00:00,success,,,a126311
iot-asis-D-0144-D60799,iot,as-is,D,2026-04-21T17:02:42.728893+00:00,2026-04-21T17:02:42.814624+00:00,success,,,a126311
iot-asis-D-0145-F6CA1D,iot,as-is,D,2026-04-21T17:02:42.916411+00:00,2026-04-21T17:02:43.005487+00:00,success,,,a126311
iot-asis-D-0146-21A80C,iot,as-is,D,2026-04-21T17:02:43.107566+00:00,2026-04-21T17:02:43.190732+00:00,success,,,a126311
iot-asis-D-0147-ED2978,iot,as-is,D,2026-04-21T17:02:43.294754+00:00,2026-04-21T17:02:43.369112+00:00,success,,,a126311
iot-asis-D-0148-FE21C1,iot,as-is,D,2026-04-21T17:02:43.470630+00:00,2026-04-21T17:02:43.541512+00:00,success,,,a126311
iot-asis-D-0149-402553,iot,as-is,D,2026-04-21T17:02:43.643531+00:00,2026-04-21T17:02:43.716955+00:00,success,,,a126311
iot-asis-D-0150-7D9E0D,iot,as-is,D,2026-04-21T17:02:43.818765+00:00,2026-04-21T17:02:43.890254+00:00,success,,,a126311
iot-asis-D-0151-3B1AAB,iot,as-is,D,2026-04-21T17:02:43.992728+00:00,2026-04-21T17:02:44.059419+00:00,success,,,a126311
iot-asis-D-0152-80719B,iot,as-is,D,2026-04-21T17:02:44.161885+00:00,2026-04-21T17:02:44.242734+00:00,success,,,a126311
iot-asis-D-0153-7E5E9F,iot,as-is,D,2026-04-21T17:02:44.345072+00:00,2026-04-21T17:02:44.427322+00:00,success,,,a126311
iot-asis-D-0154-5F68DA,iot,as-is,D,2026-04-21T17:02:44.529158+00:00,2026-04-21T17:02:44.601523+00:00,success,,,a126311
iot-asis-D-0155-213EAC,iot,as-is,D,2026-04-21T17:02:44.703641+00:00,2026-04-21T17:02:44.770628+00:00,success,,,a126311
iot-asis-D-0156-A9D428,iot,as-is,D,2026-04-21T17:02:44.873017+00:00,2026-04-21T17:02:44.939963+00:00,success,,,a126311
iot-asis-D-0157-357C18,iot,as-is,D,2026-04-21T17:02:45.041976+00:00,2026-04-21T17:02:45.107403+00:00,success,,,a126311
iot-asis-D-0158-363A53,iot,as-is,D,2026-04-21T17:02:45.209306+00:00,2026-04-21T17:02:45.286358+00:00,success,,,a126311
iot-asis-D-0159-4BC11B,iot,as-is,D,2026-04-21T17:02:45.388041+00:00,2026-04-21T17:02:45.483447+00:00,success,,,a126311
iot-asis-D-0160-947866,iot,as-is,D,2026-04-21T17:02:45.585208+00:00,2026-04-21T17:02:45.659154+00:00,success,,,a126311
iot-asis-D-0161-F21E15,iot,as-is,D,2026-04-21T17:02:45.761098+00:00,2026-04-21T17:02:45.849397+00:00,success,,,a126311
iot-asis-D-0162-8D5374,iot,as-is,D,2026-04-21T17:02:45.951947+00:00,2026-04-21T17:02:46.037474+00:00,success,,,a126311
iot-asis-D-0163-142D39,iot,as-is,D,2026-04-21T17:02:46.139819+00:00,2026-04-21T17:02:46.215843+00:00,success,,,a126311
iot-asis-D-0164-0CAFBE,iot,as-is,D,2026-04-21T17:02:46.318030+00:00,2026-04-21T17:02:46.403197+00:00,success,,,a126311
iot-asis-D-0165-061A65,iot,as-is,D,2026-04-21T17:02:46.505562+00:00,2026-04-21T17:02:46.586831+00:00,success,,,a126311
iot-asis-D-0166-A7F7B2,iot,as-is,D,2026-04-21T17:02:46.689080+00:00,2026-04-21T17:02:46.775310+00:00,success,,,a126311
iot-asis-D-0167-EE4AC3,iot,as-is,D,2026-04-21T17:02:46.878031+00:00,2026-04-21T17:02:46.942879+00:00,success,,,a126311
iot-asis-D-0168-C49886,iot,as-is,D,2026-04-21T17:02:47.045584+00:00,2026-04-21T17:02:47.119404+00:00,success,,,a126311
iot-asis-D-0169-A0571B,iot,as-is,D,2026-04-21T17:02:47.221661+00:00,2026-04-21T17:02:47.300388+00:00,success,,,a126311
iot-asis-D-0170-0BDF21,iot,as-is,D,2026-04-21T17:02:47.401831+00:00,2026-04-21T17:02:47.469947+00:00,success,,,a126311
iot-asis-D-0171-E18B5C,iot,as-is,D,2026-04-21T17:02:47.572045+00:00,2026-04-21T17:02:47.669493+00:00,success,,,a126311
iot-asis-D-0172-F1DC77,iot,as-is,D,2026-04-21T17:02:47.772547+00:00,2026-04-21T17:02:47.858294+00:00,success,,,a126311
iot-asis-D-0173-433201,iot,as-is,D,2026-04-21T17:02:47.960852+00:00,2026-04-21T17:02:48.044830+00:00,success,,,a126311
iot-asis-D-0174-3E88ED,iot,as-is,D,2026-04-21T17:02:48.146630+00:00,2026-04-21T17:02:48.235117+00:00,success,,,a126311
iot-asis-D-0175-DE011B,iot,as-is,D,2026-04-21T17:02:48.337094+00:00,2026-04-21T17:02:48.419671+00:00,success,,,a126311
iot-asis-D-0176-5E86EF,iot,as-is,D,2026-04-21T17:02:48.521454+00:00,2026-04-21T17:02:48.606650+00:00,success,,,a126311
iot-asis-D-0177-8B13B4,iot,as-is,D,2026-04-21T17:02:48.709153+00:00,2026-04-21T17:02:48.776143+00:00,success,,,a126311
iot-asis-D-0178-28506D,iot,as-is,D,2026-04-21T17:02:48.878011+00:00,2026-04-21T17:02:48.945951+00:00,success,,,a126311
iot-asis-D-0179-5915D3,iot,as-is,D,2026-04-21T17:02:49.047899+00:00,2026-04-21T17:02:49.136907+00:00,success,,,a126311
iot-asis-D-0180-0CB5E0,iot,as-is,D,2026-04-21T17:02:49.239096+00:00,2026-04-21T17:02:49.321779+00:00,success,,,a126311
iot-asis-D-0181-FE6F15,iot,as-is,D,2026-04-21T17:02:49.424296+00:00,2026-04-21T17:02:49.510280+00:00,success,,,a126311
iot-asis-D-0182-7FF946,iot,as-is,D,2026-04-21T17:02:49.612074+00:00,2026-04-21T17:02:49.678302+00:00,success,,,a126311
iot-asis-D-0183-5724EF,iot,as-is,D,2026-04-21T17:02:49.780670+00:00,2026-04-21T17:02:49.869027+00:00,success,,,a126311
iot-asis-D-0184-57852A,iot,as-is,D,2026-04-21T17:02:49.971927+00:00,2026-04-21T17:02:50.039803+00:00,success,,,a126311
iot-asis-D-0185-C3CB5F,iot,as-is,D,2026-04-21T17:02:50.141717+00:00,2026-04-21T17:02:50.208160+00:00,success,,,a126311
iot-asis-D-0186-DEDDD2,iot,as-is,D,2026-04-21T17:02:50.309893+00:00,2026-04-21T17:02:50.393700+00:00,success,,,a126311
iot-asis-D-0187-D7DB6E,iot,as-is,D,2026-04-21T17:02:50.496273+00:00,2026-04-21T17:02:50.578245+00:00,success,,,a126311
iot-asis-D-0188-B6EA66,iot,as-is,D,2026-04-21T17:02:50.680415+00:00,2026-04-21T17:02:50.764362+00:00,success,,,a126311
iot-asis-D-0189-7AEA13,iot,as-is,D,2026-04-21T17:02:50.866582+00:00,2026-04-21T17:02:50.938126+00:00,success,,,a126311
iot-asis-D-0190-3678E7,iot,as-is,D,2026-04-21T17:02:51.040185+00:00,2026-04-21T17:02:51.111731+00:00,success,,,a126311
iot-asis-D-0191-151B9E,iot,as-is,D,2026-04-21T17:02:51.214144+00:00,2026-04-21T17:02:51.288040+00:00,success,,,a126311
iot-asis-D-0192-B55729,iot,as-is,D,2026-04-21T17:02:51.390095+00:00,2026-04-21T17:02:51.458720+00:00,success,,,a126311
iot-asis-D-0193-D4BC98,iot,as-is,D,2026-04-21T17:02:51.560567+00:00,2026-04-21T17:02:51.647890+00:00,success,,,a126311
iot-asis-D-0194-894257,iot,as-is,D,2026-04-21T17:02:51.750032+00:00,2026-04-21T17:02:51.833064+00:00,success,,,a126311
iot-asis-D-0195-1576F0,iot,as-is,D,2026-04-21T17:02:51.935755+00:00,2026-04-21T17:02:52.027625+00:00,success,,,a126311
iot-asis-D-0196-FC666D,iot,as-is,D,2026-04-21T17:02:52.129425+00:00,2026-04-21T17:02:52.204369+00:00,success,,,a126311
iot-asis-D-0197-694A2C,iot,as-is,D,2026-04-21T17:02:52.306863+00:00,2026-04-21T17:02:52.408027+00:00,success,,,a126311
iot-asis-D-0198-D46657,iot,as-is,D,2026-04-21T17:02:52.510173+00:00,2026-04-21T17:02:52.595762+00:00,success,,,a126311
iot-asis-D-0199-2EA61E,iot,as-is,D,2026-04-21T17:02:52.697903+00:00,2026-04-21T17:02:52.762747+00:00,success,,,a126311
iot-asis-E-0000-30BEB0,iot,as-is,E,2026-04-21T17:02:52.867565+00:00,2026-04-21T17:02:52.941640+00:00,success,,,a126311
iot-asis-E-0001-07DCE4,iot,as-is,E,2026-04-21T17:02:53.044261+00:00,2026-04-21T17:02:53.129620+00:00,success,,,a126311
iot-asis-E-0002-6F1385,iot,as-is,E,2026-04-21T17:02:53.231741+00:00,2026-04-21T17:02:53.302846+00:00,success,,,a126311
iot-asis-E-0003-1C7126,iot,as-is,E,2026-04-21T17:02:53.405371+00:00,2026-04-21T17:02:53.495357+00:00,success,,,a126311
iot-asis-E-0004-657D60,iot,as-is,E,2026-04-21T17:02:53.597295+00:00,2026-04-21T17:02:53.688824+00:00,success,,,a126311
iot-asis-E-0005-EB8752,iot,as-is,E,2026-04-21T17:02:53.790553+00:00,2026-04-21T17:02:53.858915+00:00,success,,,a126311
iot-asis-E-0006-BC863F,iot,as-is,E,2026-04-21T17:02:53.960935+00:00,2026-04-21T17:02:54.028476+00:00,success,,,a126311
iot-asis-E-0007-28CDAC,iot,as-is,E,2026-04-21T17:02:54.130605+00:00,2026-04-21T17:02:54.203143+00:00,success,,,a126311
iot-asis-E-0008-CC97D4,iot,as-is,E,2026-04-21T17:02:54.306974+00:00,2026-04-21T17:02:54.376561+00:00,success,,,a126311
iot-asis-E-0009-C4921A,iot,as-is,E,2026-04-21T17:02:54.478120+00:00,2026-04-21T17:02:54.560934+00:00,success,,,a126311
iot-asis-E-0010-D28D0E,iot,as-is,E,2026-04-21T17:02:54.662931+00:00,2026-04-21T17:02:54.732799+00:00,success,,,a126311
iot-asis-E-0011-CE3DFE,iot,as-is,E,2026-04-21T17:02:54.834890+00:00,2026-04-21T17:02:54.910211+00:00,success,,,a126311
iot-asis-E-0012-87BBDA,iot,as-is,E,2026-04-21T17:02:55.012522+00:00,2026-04-21T17:02:55.096392+00:00,success,,,a126311
iot-asis-E-0013-6D666A,iot,as-is,E,2026-04-21T17:02:55.198528+00:00,2026-04-21T17:02:55.298225+00:00,success,,,a126311
iot-asis-E-0014-4ADCB0,iot,as-is,E,2026-04-21T17:02:55.401964+00:00,2026-04-21T17:02:55.508893+00:00,success,,,a126311
iot-asis-E-0015-85B618,iot,as-is,E,2026-04-21T17:02:55.610708+00:00,2026-04-21T17:02:55.690631+00:00,success,,,a126311
iot-asis-E-0016-D5BEC6,iot,as-is,E,2026-04-21T17:02:55.792707+00:00,2026-04-21T17:02:55.859674+00:00,success,,,a126311
iot-asis-E-0017-451264,iot,as-is,E,2026-04-21T17:02:55.962164+00:00,2026-04-21T17:02:56.025829+00:00,success,,,a126311
iot-asis-E-0018-463685,iot,as-is,E,2026-04-21T17:02:56.128076+00:00,2026-04-21T17:02:56.216174+00:00,success,,,a126311
iot-asis-E-0019-811B8C,iot,as-is,E,2026-04-21T17:02:56.318659+00:00,2026-04-21T17:02:56.393167+00:00,success,,,a126311
iot-asis-E-0020-D6752A,iot,as-is,E,2026-04-21T17:02:56.496771+00:00,2026-04-21T17:02:56.580998+00:00,success,,,a126311
iot-asis-E-0021-F9B5D2,iot,as-is,E,2026-04-21T17:02:56.682817+00:00,2026-04-21T17:02:56.768964+00:00,success,,,a126311
iot-asis-E-0022-12E395,iot,as-is,E,2026-04-21T17:02:56.870747+00:00,2026-04-21T17:02:56.938298+00:00,success,,,a126311
iot-asis-E-0023-957BFD,iot,as-is,E,2026-04-21T17:02:57.040450+00:00,2026-04-21T17:02:57.120313+00:00,success,,,a126311
iot-asis-E-0024-F2125B,iot,as-is,E,2026-04-21T17:02:57.222849+00:00,2026-04-21T17:02:57.287894+00:00,success,,,a126311
iot-asis-E-0025-0095EE,iot,as-is,E,2026-04-21T17:02:57.390409+00:00,2026-04-21T17:02:57.459939+00:00,success,,,a126311
iot-asis-E-0026-968E14,iot,as-is,E,2026-04-21T17:02:57.562090+00:00,2026-04-21T17:02:57.628278+00:00,success,,,a126311
iot-asis-E-0027-818F54,iot,as-is,E,2026-04-21T17:02:57.730447+00:00,2026-04-21T17:02:57.825055+00:00,success,,,a126311
iot-asis-E-0028-AAD26A,iot,as-is,E,2026-04-21T17:02:57.927127+00:00,2026-04-21T17:02:57.992563+00:00,success,,,a126311
iot-asis-E-0029-145073,iot,as-is,E,2026-04-21T17:02:58.094198+00:00,2026-04-21T17:02:58.176029+00:00,success,,,a126311
iot-asis-E-0030-6E1C28,iot,as-is,E,2026-04-21T17:02:58.278152+00:00,2026-04-21T17:02:58.363294+00:00,success,,,a126311
iot-asis-E-0031-6F064D,iot,as-is,E,2026-04-21T17:02:58.465680+00:00,2026-04-21T17:02:58.570764+00:00,success,,,a126311
iot-asis-E-0032-DA219C,iot,as-is,E,2026-04-21T17:02:58.674078+00:00,2026-04-21T17:02:58.748036+00:00,success,,,a126311
iot-asis-E-0033-0BF20F,iot,as-is,E,2026-04-21T17:02:58.849888+00:00,2026-04-21T17:02:58.937777+00:00,success,,,a126311
iot-asis-E-0034-10DE46,iot,as-is,E,2026-04-21T17:02:59.039611+00:00,2026-04-21T17:02:59.121814+00:00,success,,,a126311
iot-asis-E-0035-9FEEF6,iot,as-is,E,2026-04-21T17:02:59.223654+00:00,2026-04-21T17:02:59.289517+00:00,success,,,a126311
iot-asis-E-0036-A0F44B,iot,as-is,E,2026-04-21T17:02:59.392113+00:00,2026-04-21T17:02:59.461217+00:00,success,,,a126311
iot-asis-E-0037-68D522,iot,as-is,E,2026-04-21T17:02:59.563023+00:00,2026-04-21T17:02:59.632244+00:00,success,,,a126311
iot-asis-E-0038-E7225B,iot,as-is,E,2026-04-21T17:02:59.734428+00:00,2026-04-21T17:02:59.821228+00:00,success,,,a126311
iot-asis-E-0039-F9FF48,iot,as-is,E,2026-04-21T17:02:59.923292+00:00,2026-04-21T17:02:59.993437+00:00,success,,,a126311
iot-asis-E-0040-425802,iot,as-is,E,2026-04-21T17:03:00.095667+00:00,2026-04-21T17:03:00.177353+00:00,success,,,a126311
iot-asis-E-0041-3809C5,iot,as-is,E,2026-04-21T17:03:00.279785+00:00,2026-04-21T17:03:00.364037+00:00,success,,,a126311
iot-asis-E-0042-49956D,iot,as-is,E,2026-04-21T17:03:00.466392+00:00,2026-04-21T17:03:00.550585+00:00,success,,,a126311
iot-asis-E-0043-AF20C7,iot,as-is,E,2026-04-21T17:03:00.652812+00:00,2026-04-21T17:03:00.723727+00:00,success,,,a126311
iot-asis-E-0044-910343,iot,as-is,E,2026-04-21T17:03:00.825495+00:00,2026-04-21T17:03:00.893272+00:00,success,,,a126311
iot-asis-E-0045-C6354D,iot,as-is,E,2026-04-21T17:03:00.995838+00:00,2026-04-21T17:03:01.078265+00:00,success,,,a126311
iot-asis-E-0046-C6D2FE,iot,as-is,E,2026-04-21T17:03:01.179968+00:00,2026-04-21T17:03:01.244121+00:00,success,,,a126311
iot-asis-E-0047-B43F3E,iot,as-is,E,2026-04-21T17:03:01.346561+00:00,2026-04-21T17:03:01.414134+00:00,success,,,a126311
iot-asis-E-0048-ACA261,iot,as-is,E,2026-04-21T17:03:01.516372+00:00,2026-04-21T17:03:01.592631+00:00,success,,,a126311
iot-asis-E-0049-FF8057,iot,as-is,E,2026-04-21T17:03:01.695030+00:00,2026-04-21T17:03:01.772626+00:00,success,,,a126311
iot-asis-E-0050-E43073,iot,as-is,E,2026-04-21T17:03:01.874399+00:00,2026-04-21T17:03:01.954070+00:00,success,,,a126311
iot-asis-E-0051-7A0935,iot,as-is,E,2026-04-21T17:03:02.056133+00:00,2026-04-21T17:03:02.147554+00:00,success,,,a126311
iot-asis-E-0052-15C163,iot,as-is,E,2026-04-21T17:03:02.250531+00:00,2026-04-21T17:03:02.351693+00:00,success,,,a126311
iot-asis-E-0053-F386A0,iot,as-is,E,2026-04-21T17:03:02.454273+00:00,2026-04-21T17:03:02.519275+00:00,success,,,a126311
iot-asis-E-0054-61A8A8,iot,as-is,E,2026-04-21T17:03:02.621155+00:00,2026-04-21T17:03:02.692588+00:00,success,,,a126311
iot-asis-E-0055-25E6EF,iot,as-is,E,2026-04-21T17:03:02.795937+00:00,2026-04-21T17:03:02.897917+00:00,success,,,a126311
iot-asis-E-0056-22FA78,iot,as-is,E,2026-04-21T17:03:03.000709+00:00,2026-04-21T17:03:03.084555+00:00,success,,,a126311
iot-asis-E-0057-321CE6,iot,as-is,E,2026-04-21T17:03:03.186341+00:00,2026-04-21T17:03:03.258993+00:00,success,,,a126311
iot-asis-E-0058-422B64,iot,as-is,E,2026-04-21T17:03:03.360975+00:00,2026-04-21T17:03:03.435700+00:00,success,,,a126311
iot-asis-E-0059-690580,iot,as-is,E,2026-04-21T17:03:03.537884+00:00,2026-04-21T17:03:03.642901+00:00,success,,,a126311
iot-asis-E-0060-D82621,iot,as-is,E,2026-04-21T17:03:03.745061+00:00,2026-04-21T17:03:03.832852+00:00,success,,,a126311
iot-asis-E-0061-5CA177,iot,as-is,E,2026-04-21T17:03:03.935207+00:00,2026-04-21T17:03:04.003118+00:00,success,,,a126311
iot-asis-E-0062-FC6178,iot,as-is,E,2026-04-21T17:03:04.105719+00:00,2026-04-21T17:03:04.175831+00:00,success,,,a126311
iot-asis-E-0063-164018,iot,as-is,E,2026-04-21T17:03:04.278157+00:00,2026-04-21T17:03:04.350500+00:00,success,,,a126311
iot-asis-E-0064-E669B4,iot,as-is,E,2026-04-21T17:03:04.452643+00:00,2026-04-21T17:03:04.544531+00:00,success,,,a126311
iot-asis-E-0065-7841EA,iot,as-is,E,2026-04-21T17:03:04.646693+00:00,2026-04-21T17:03:04.714214+00:00,success,,,a126311
iot-asis-E-0066-FA2028,iot,as-is,E,2026-04-21T17:03:04.816443+00:00,2026-04-21T17:03:04.888466+00:00,success,,,a126311
iot-asis-E-0067-F92409,iot,as-is,E,2026-04-21T17:03:04.990318+00:00,2026-04-21T17:03:05.067503+00:00,success,,,a126311
iot-asis-E-0068-2AFD95,iot,as-is,E,2026-04-21T17:03:05.170553+00:00,2026-04-21T17:03:05.258943+00:00,success,,,a126311
iot-asis-E-0069-228776,iot,as-is,E,2026-04-21T17:03:05.360955+00:00,2026-04-21T17:03:05.449510+00:00,success,,,a126311
iot-asis-E-0070-0DBF6E,iot,as-is,E,2026-04-21T17:03:05.551877+00:00,2026-04-21T17:03:05.627587+00:00,success,,,a126311
iot-asis-E-0071-781F94,iot,as-is,E,2026-04-21T17:03:05.729765+00:00,2026-04-21T17:03:05.799243+00:00,success,,,a126311
iot-asis-E-0072-0AF8F6,iot,as-is,E,2026-04-21T17:03:05.901654+00:00,2026-04-21T17:03:05.988231+00:00,success,,,a126311
iot-asis-E-0073-E306DA,iot,as-is,E,2026-04-21T17:03:06.090490+00:00,2026-04-21T17:03:06.155371+00:00,success,,,a126311
iot-asis-E-0074-BD8513,iot,as-is,E,2026-04-21T17:03:06.257365+00:00,2026-04-21T17:03:06.343314+00:00,success,,,a126311
iot-asis-E-0075-56AD9B,iot,as-is,E,2026-04-21T17:03:06.445604+00:00,2026-04-21T17:03:06.519781+00:00,success,,,a126311
iot-asis-E-0076-16EA3F,iot,as-is,E,2026-04-21T17:03:06.621582+00:00,2026-04-21T17:03:06.692568+00:00,success,,,a126311
iot-asis-E-0077-B30639,iot,as-is,E,2026-04-21T17:03:06.794567+00:00,2026-04-21T17:03:06.860022+00:00,success,,,a126311
iot-asis-E-0078-B669F5,iot,as-is,E,2026-04-21T17:03:06.962119+00:00,2026-04-21T17:03:07.038403+00:00,success,,,a126311
iot-asis-E-0079-CBDEEC,iot,as-is,E,2026-04-21T17:03:07.140646+00:00,2026-04-21T17:03:07.217005+00:00,success,,,a126311
iot-asis-E-0080-A2E20A,iot,as-is,E,2026-04-21T17:03:07.319531+00:00,2026-04-21T17:03:07.386105+00:00,success,,,a126311
iot-asis-E-0081-D90EAC,iot,as-is,E,2026-04-21T17:03:07.488263+00:00,2026-04-21T17:03:07.564131+00:00,success,,,a126311
iot-asis-E-0082-1B9DD7,iot,as-is,E,2026-04-21T17:03:07.666556+00:00,2026-04-21T17:03:07.733466+00:00,success,,,a126311
iot-asis-E-0083-1D0DAF,iot,as-is,E,2026-04-21T17:03:07.837652+00:00,2026-04-21T17:03:07.968318+00:00,success,,,a126311
iot-asis-E-0084-F50EE1,iot,as-is,E,2026-04-21T17:03:08.070103+00:00,2026-04-21T17:03:08.156281+00:00,success,,,a126311
iot-asis-E-0085-BFCEA7,iot,as-is,E,2026-04-21T17:03:08.257818+00:00,2026-04-21T17:03:08.342575+00:00,success,,,a126311
iot-asis-E-0086-745B54,iot,as-is,E,2026-04-21T17:03:08.444798+00:00,2026-04-21T17:03:08.527313+00:00,success,,,a126311
iot-asis-E-0087-944889,iot,as-is,E,2026-04-21T17:03:08.629346+00:00,2026-04-21T17:03:08.713097+00:00,success,,,a126311
iot-asis-E-0088-3C037D,iot,as-is,E,2026-04-21T17:03:08.814846+00:00,2026-04-21T17:03:08.898045+00:00,success,,,a126311
iot-asis-E-0089-04B081,iot,as-is,E,2026-04-21T17:03:09.000400+00:00,2026-04-21T17:03:09.072000+00:00,success,,,a126311
iot-asis-E-0090-BDFA6C,iot,as-is,E,2026-04-21T17:03:09.174038+00:00,2026-04-21T17:03:09.263179+00:00,success,,,a126311
iot-asis-E-0091-1D770B,iot,as-is,E,2026-04-21T17:03:09.364943+00:00,2026-04-21T17:03:09.447044+00:00,success,,,a126311
iot-asis-E-0092-7942A3,iot,as-is,E,2026-04-21T17:03:09.549106+00:00,2026-04-21T17:03:09.617222+00:00,success,,,a126311
iot-asis-E-0093-1E2B50,iot,as-is,E,2026-04-21T17:03:09.719239+00:00,2026-04-21T17:03:09.788453+00:00,success,,,a126311
iot-asis-E-0094-77E8B6,iot,as-is,E,2026-04-21T17:03:09.890498+00:00,2026-04-21T17:03:09.961701+00:00,success,,,a126311
iot-asis-E-0095-E71A58,iot,as-is,E,2026-04-21T17:03:10.063836+00:00,2026-04-21T17:03:10.145874+00:00,success,,,a126311
iot-asis-E-0096-4759E5,iot,as-is,E,2026-04-21T17:03:10.248026+00:00,2026-04-21T17:03:10.314417+00:00,success,,,a126311
iot-asis-E-0097-079B58,iot,as-is,E,2026-04-21T17:03:10.416439+00:00,2026-04-21T17:03:10.501046+00:00,success,,,a126311
iot-asis-E-0098-B54AF3,iot,as-is,E,2026-04-21T17:03:10.603308+00:00,2026-04-21T17:03:10.670931+00:00,success,,,a126311
iot-asis-E-0099-298599,iot,as-is,E,2026-04-21T17:03:10.773205+00:00,2026-04-21T17:03:40.789402+00:00,fail,timeout,,a126311
iot-asis-E-0100-1AF9EE,iot,as-is,E,2026-04-21T17:03:40.891858+00:00,2026-04-21T17:03:41.057081+00:00,success,,,a126311
iot-asis-E-0101-B94E40,iot,as-is,E,2026-04-21T17:03:41.159482+00:00,2026-04-21T17:03:41.254711+00:00,success,,,a126311
iot-asis-E-0102-AA4308,iot,as-is,E,2026-04-21T17:03:41.356950+00:00,2026-04-21T17:03:41.443896+00:00,success,,,a126311
iot-asis-E-0103-8389CE,iot,as-is,E,2026-04-21T17:03:41.546008+00:00,2026-04-21T17:03:41.637680+00:00,success,,,a126311
iot-asis-E-0104-9DB56F,iot,as-is,E,2026-04-21T17:03:41.740477+00:00,2026-04-21T17:03:41.843692+00:00,success,,,a126311
iot-asis-E-0105-6995B9,iot,as-is,E,2026-04-21T17:03:41.945716+00:00,2026-04-21T17:03:42.019060+00:00,success,,,a126311
iot-asis-E-0106-86FC27,iot,as-is,E,2026-04-21T17:03:42.120916+00:00,2026-04-21T17:03:42.206290+00:00,success,,,a126311
iot-asis-E-0107-9162EA,iot,as-is,E,2026-04-21T17:03:42.308974+00:00,2026-04-21T17:03:42.407302+00:00,success,,,a126311
iot-asis-E-0108-8F2442,iot,as-is,E,2026-04-21T17:03:42.509029+00:00,2026-04-21T17:03:42.600256+00:00,success,,,a126311
iot-asis-E-0109-8D750B,iot,as-is,E,2026-04-21T17:03:42.702672+00:00,2026-04-21T17:03:42.795118+00:00,success,,,a126311
iot-asis-E-0110-E1636E,iot,as-is,E,2026-04-21T17:03:42.897582+00:00,2026-04-21T17:03:42.995245+00:00,success,,,a126311
iot-asis-E-0111-D8CE2B,iot,as-is,E,2026-04-21T17:03:43.097580+00:00,2026-04-21T17:03:43.173181+00:00,success,,,a126311
iot-asis-E-0112-45989D,iot,as-is,E,2026-04-21T17:03:43.274703+00:00,2026-04-21T17:03:43.345610+00:00,success,,,a126311
iot-asis-E-0113-27ECDE,iot,as-is,E,2026-04-21T17:03:43.447977+00:00,2026-04-21T17:03:43.533981+00:00,success,,,a126311
iot-asis-E-0114-E4ECED,iot,as-is,E,2026-04-21T17:03:43.636754+00:00,2026-04-21T17:03:43.719853+00:00,success,,,a126311
iot-asis-E-0115-97708F,iot,as-is,E,2026-04-21T17:03:43.822188+00:00,2026-04-21T17:03:43.907518+00:00,success,,,a126311
iot-asis-E-0116-0661D5,iot,as-is,E,2026-04-21T17:03:44.009455+00:00,2026-04-21T17:03:44.080280+00:00,success,,,a126311
iot-asis-E-0117-710728,iot,as-is,E,2026-04-21T17:03:44.182155+00:00,2026-04-21T17:03:44.255635+00:00,success,,,a126311
iot-asis-E-0118-681B38,iot,as-is,E,2026-04-21T17:03:44.361870+00:00,2026-04-21T17:03:44.451709+00:00,success,,,a126311
iot-asis-E-0119-BCF2A6,iot,as-is,E,2026-04-21T17:03:44.553688+00:00,2026-04-21T17:03:44.635442+00:00,success,,,a126311
iot-asis-E-0120-07C5AF,iot,as-is,E,2026-04-21T17:03:44.737891+00:00,2026-04-21T17:03:44.823476+00:00,success,,,a126311
iot-asis-E-0121-3F3798,iot,as-is,E,2026-04-21T17:03:44.925635+00:00,2026-04-21T17:03:45.011224+00:00,success,,,a126311
iot-asis-E-0122-623FF2,iot,as-is,E,2026-04-21T17:03:45.113328+00:00,2026-04-21T17:03:45.189447+00:00,success,,,a126311
iot-asis-E-0123-509631,iot,as-is,E,2026-04-21T17:03:45.291239+00:00,2026-04-21T17:03:45.381931+00:00,success,,,a126311
iot-asis-E-0124-493AAE,iot,as-is,E,2026-04-21T17:03:45.483751+00:00,2026-04-21T17:03:45.552644+00:00,success,,,a126311
iot-asis-E-0125-C1E760,iot,as-is,E,2026-04-21T17:03:45.654869+00:00,2026-04-21T17:03:45.737603+00:00,success,,,a126311
iot-asis-E-0126-B6957A,iot,as-is,E,2026-04-21T17:03:45.839833+00:00,2026-04-21T17:03:45.908501+00:00,success,,,a126311
iot-asis-E-0127-2A02FE,iot,as-is,E,2026-04-21T17:03:46.010498+00:00,2026-04-21T17:03:46.082452+00:00,success,,,a126311
iot-asis-E-0128-CF4A0F,iot,as-is,E,2026-04-21T17:03:46.184797+00:00,2026-04-21T17:03:46.261884+00:00,success,,,a126311
iot-asis-E-0129-AC47AB,iot,as-is,E,2026-04-21T17:03:46.363973+00:00,2026-04-21T17:03:46.458808+00:00,success,,,a126311
iot-asis-E-0130-4B4D30,iot,as-is,E,2026-04-21T17:03:46.561655+00:00,2026-04-21T17:03:46.656973+00:00,success,,,a126311
iot-asis-E-0131-231F72,iot,as-is,E,2026-04-21T17:03:46.758697+00:00,2026-04-21T17:03:46.844265+00:00,success,,,a126311
iot-asis-E-0132-7C36FD,iot,as-is,E,2026-04-21T17:03:46.946588+00:00,2026-04-21T17:03:47.047485+00:00,success,,,a126311
iot-asis-E-0133-B1F719,iot,as-is,E,2026-04-21T17:03:47.150206+00:00,2026-04-21T17:03:47.238268+00:00,success,,,a126311
iot-asis-E-0134-D70E1E,iot,as-is,E,2026-04-21T17:03:47.340555+00:00,2026-04-21T17:03:47.416971+00:00,success,,,a126311
iot-asis-E-0135-96DE1B,iot,as-is,E,2026-04-21T17:03:47.519382+00:00,2026-04-21T17:03:47.593493+00:00,success,,,a126311
iot-asis-E-0136-7FC419,iot,as-is,E,2026-04-21T17:03:47.695673+00:00,2026-04-21T17:03:47.779980+00:00,success,,,a126311
iot-asis-E-0137-F110B5,iot,as-is,E,2026-04-21T17:03:47.881596+00:00,2026-04-21T17:03:47.967688+00:00,success,,,a126311
iot-asis-E-0138-5D92C2,iot,as-is,E,2026-04-21T17:03:48.070887+00:00,2026-04-21T17:03:48.158325+00:00,success,,,a126311
iot-asis-E-0139-77A129,iot,as-is,E,2026-04-21T17:03:48.260688+00:00,2026-04-21T17:03:48.336223+00:00,success,,,a126311
iot-asis-E-0140-92B556,iot,as-is,E,2026-04-21T17:03:48.438415+00:00,2026-04-21T17:03:48.525489+00:00,success,,,a126311
iot-asis-E-0141-D460CC,iot,as-is,E,2026-04-21T17:03:48.628470+00:00,2026-04-21T17:03:48.707891+00:00,success,,,a126311
iot-asis-E-0142-8405A6,iot,as-is,E,2026-04-21T17:03:48.809798+00:00,2026-04-21T17:03:48.889650+00:00,success,,,a126311
iot-asis-E-0143-A0E27A,iot,as-is,E,2026-04-21T17:03:48.991635+00:00,2026-04-21T17:03:49.090021+00:00,success,,,a126311
iot-asis-E-0144-334781,iot,as-is,E,2026-04-21T17:03:49.192303+00:00,2026-04-21T17:03:49.261223+00:00,success,,,a126311
iot-asis-E-0145-B8B81C,iot,as-is,E,2026-04-21T17:03:49.363580+00:00,2026-04-21T17:03:49.433115+00:00,success,,,a126311
iot-asis-E-0146-D7B551,iot,as-is,E,2026-04-21T17:03:49.535506+00:00,2026-04-21T17:03:49.606947+00:00,success,,,a126311
iot-asis-E-0147-D492EE,iot,as-is,E,2026-04-21T17:03:49.708888+00:00,2026-04-21T17:03:49.787941+00:00,success,,,a126311
iot-asis-E-0148-B7183D,iot,as-is,E,2026-04-21T17:03:49.889762+00:00,2026-04-21T17:03:49.967233+00:00,success,,,a126311
iot-asis-E-0149-C983F3,iot,as-is,E,2026-04-21T17:03:50.069305+00:00,2026-04-21T17:03:50.156671+00:00,success,,,a126311
iot-asis-E-0150-83303C,iot,as-is,E,2026-04-21T17:03:50.259128+00:00,2026-04-21T17:03:50.353762+00:00,success,,,a126311
iot-asis-E-0151-0663C5,iot,as-is,E,2026-04-21T17:03:50.455281+00:00,2026-04-21T17:03:50.529179+00:00,success,,,a126311
iot-asis-E-0152-B8A686,iot,as-is,E,2026-04-21T17:03:50.631153+00:00,2026-04-21T17:03:50.708452+00:00,success,,,a126311
iot-asis-E-0153-EAE3AD,iot,as-is,E,2026-04-21T17:03:50.810796+00:00,2026-04-21T17:03:50.884215+00:00,success,,,a126311
iot-asis-E-0154-A8EEAC,iot,as-is,E,2026-04-21T17:03:50.986939+00:00,2026-04-21T17:03:51.061456+00:00,success,,,a126311
iot-asis-E-0155-B21F2B,iot,as-is,E,2026-04-21T17:03:51.163701+00:00,2026-04-21T17:03:51.240192+00:00,success,,,a126311
iot-asis-E-0156-E064E4,iot,as-is,E,2026-04-21T17:03:51.342874+00:00,2026-04-21T17:03:51.415520+00:00,success,,,a126311
iot-asis-E-0157-38D792,iot,as-is,E,2026-04-21T17:03:51.518068+00:00,2026-04-21T17:03:51.595305+00:00,success,,,a126311
iot-asis-E-0158-DF54CE,iot,as-is,E,2026-04-21T17:03:51.696947+00:00,2026-04-21T17:03:51.769742+00:00,success,,,a126311
iot-asis-E-0159-9A54F8,iot,as-is,E,2026-04-21T17:03:51.871825+00:00,2026-04-21T17:03:51.961679+00:00,success,,,a126311
iot-asis-E-0160-CD9522,iot,as-is,E,2026-04-21T17:03:52.063879+00:00,2026-04-21T17:03:52.158702+00:00,success,,,a126311
iot-asis-E-0161-5D6C02,iot,as-is,E,2026-04-21T17:03:52.260793+00:00,2026-04-21T17:03:52.329193+00:00,success,,,a126311
iot-asis-E-0162-543982,iot,as-is,E,2026-04-21T17:03:52.430965+00:00,2026-04-21T17:03:52.520229+00:00,success,,,a126311
iot-asis-E-0163-852DB4,iot,as-is,E,2026-04-21T17:03:52.622212+00:00,2026-04-21T17:03:52.696128+00:00,success,,,a126311
iot-asis-E-0164-9B16E2,iot,as-is,E,2026-04-21T17:03:52.797591+00:00,2026-04-21T17:03:52.878931+00:00,success,,,a126311
iot-asis-E-0165-8F0C32,iot,as-is,E,2026-04-21T17:03:52.981714+00:00,2026-04-21T17:03:53.052117+00:00,success,,,a126311
iot-asis-E-0166-86114D,iot,as-is,E,2026-04-21T17:03:53.154916+00:00,2026-04-21T17:03:53.234203+00:00,success,,,a126311
iot-asis-E-0167-C68823,iot,as-is,E,2026-04-21T17:03:53.337062+00:00,2026-04-21T17:03:53.407709+00:00,success,,,a126311
iot-asis-E-0168-CDB2FD,iot,as-is,E,2026-04-21T17:03:53.509219+00:00,2026-04-21T17:03:53.603965+00:00,success,,,a126311
iot-asis-E-0169-5F358F,iot,as-is,E,2026-04-21T17:03:53.705787+00:00,2026-04-21T17:03:53.788950+00:00,success,,,a126311
iot-asis-E-0170-650C57,iot,as-is,E,2026-04-21T17:03:53.891219+00:00,2026-04-21T17:03:53.960946+00:00,success,,,a126311
iot-asis-E-0171-949A9D,iot,as-is,E,2026-04-21T17:03:54.063022+00:00,2026-04-21T17:03:54.136507+00:00,success,,,a126311
iot-asis-E-0172-EC6723,iot,as-is,E,2026-04-21T17:03:54.238513+00:00,2026-04-21T17:03:54.343972+00:00,success,,,a126311
iot-asis-E-0173-B5B962,iot,as-is,E,2026-04-21T17:03:54.445696+00:00,2026-04-21T17:03:54.540513+00:00,success,,,a126311
iot-asis-E-0174-1417E9,iot,as-is,E,2026-04-21T17:03:54.642679+00:00,2026-04-21T17:03:54.717769+00:00,success,,,a126311
iot-asis-E-0175-F2BB03,iot,as-is,E,2026-04-21T17:03:54.820051+00:00,2026-04-21T17:03:54.885515+00:00,success,,,a126311
iot-asis-E-0176-0EF278,iot,as-is,E,2026-04-21T17:03:54.987767+00:00,2026-04-21T17:03:55.078823+00:00,success,,,a126311
iot-asis-E-0177-5A58A4,iot,as-is,E,2026-04-21T17:03:55.180435+00:00,2026-04-21T17:03:55.248494+00:00,success,,,a126311
iot-asis-E-0178-257D85,iot,as-is,E,2026-04-21T17:03:55.350310+00:00,2026-04-21T17:03:55.422285+00:00,success,,,a126311
iot-asis-E-0179-C4999E,iot,as-is,E,2026-04-21T17:03:55.524988+00:00,2026-04-21T17:03:55.592895+00:00,success,,,a126311
iot-asis-E-0180-E68956,iot,as-is,E,2026-04-21T17:03:55.694795+00:00,2026-04-21T17:03:55.765683+00:00,success,,,a126311
iot-asis-E-0181-3A9238,iot,as-is,E,2026-04-21T17:03:55.868148+00:00,2026-04-21T17:03:55.947785+00:00,success,,,a126311
iot-asis-E-0182-F9581B,iot,as-is,E,2026-04-21T17:03:56.049546+00:00,2026-04-21T17:03:56.122308+00:00,success,,,a126311
iot-asis-E-0183-C30CBD,iot,as-is,E,2026-04-21T17:03:56.223892+00:00,2026-04-21T17:03:56.294006+00:00,success,,,a126311
iot-asis-E-0184-6604BE,iot,as-is,E,2026-04-21T17:03:56.396001+00:00,2026-04-21T17:03:56.475693+00:00,success,,,a126311
iot-asis-E-0185-C44EAC,iot,as-is,E,2026-04-21T17:03:56.577493+00:00,2026-04-21T17:03:56.664763+00:00,success,,,a126311
iot-asis-E-0186-25588F,iot,as-is,E,2026-04-21T17:03:56.767078+00:00,2026-04-21T17:03:56.851428+00:00,success,,,a126311
iot-asis-E-0187-C1AA5A,iot,as-is,E,2026-04-21T17:03:56.953988+00:00,2026-04-21T17:03:57.027153+00:00,success,,,a126311
iot-asis-E-0188-EF3825,iot,as-is,E,2026-04-21T17:03:57.128951+00:00,2026-04-21T17:03:57.195247+00:00,success,,,a126311
iot-asis-E-0189-D4A3F7,iot,as-is,E,2026-04-21T17:03:57.297751+00:00,2026-04-21T17:03:57.366237+00:00,success,,,a126311
iot-asis-E-0190-AC35FC,iot,as-is,E,2026-04-21T17:03:57.468862+00:00,2026-04-21T17:03:57.541969+00:00,success,,,a126311
iot-asis-E-0191-52DBC9,iot,as-is,E,2026-04-21T17:03:57.643790+00:00,2026-04-21T17:03:57.709665+00:00,success,,,a126311
iot-asis-E-0192-C38905,iot,as-is,E,2026-04-21T17:03:57.812852+00:00,2026-04-21T17:03:57.884271+00:00,success,,,a126311
iot-asis-E-0193-377F39,iot,as-is,E,2026-04-21T17:03:57.986089+00:00,2026-04-21T17:03:58.077656+00:00,success,,,a126311
iot-asis-E-0194-A025EA,iot,as-is,E,2026-04-21T17:03:58.179676+00:00,2026-04-21T17:03:58.260812+00:00,success,,,a126311
iot-asis-E-0195-711524,iot,as-is,E,2026-04-21T17:03:58.362746+00:00,2026-04-21T17:03:58.453418+00:00,success,,,a126311
iot-asis-E-0196-173135,iot,as-is,E,2026-04-21T17:03:58.555834+00:00,2026-04-21T17:03:58.633282+00:00,success,,,a126311
iot-asis-E-0197-91E83B,iot,as-is,E,2026-04-21T17:03:58.735423+00:00,2026-04-21T17:03:58.811364+00:00,success,,,a126311
iot-asis-E-0198-290705,iot,as-is,E,2026-04-21T17:03:58.913552+00:00,2026-04-21T17:03:58.980112+00:00,success,,,a126311
iot-asis-E-0199-F74F49,iot,as-is,E,2026-04-21T17:03:59.081876+00:00,2026-04-21T17:03:59.163027+00:00,success,,,a126311
iot-asis-F-0000-3C9369,iot,as-is,F,2026-04-21T17:03:59.289071+00:00,2026-04-21T17:03:59.361585+00:00,success,,,a126311
iot-asis-F-0001-095264,iot,as-is,F,2026-04-21T17:03:59.464047+00:00,2026-04-21T17:03:59.538218+00:00,success,,,a126311
iot-asis-F-0002-68F239,iot,as-is,F,2026-04-21T17:03:59.640264+00:00,2026-04-21T17:03:59.733136+00:00,success,,,a126311
iot-asis-F-0003-C71D6F,iot,as-is,F,2026-04-21T17:03:59.834747+00:00,2026-04-21T17:03:59.913270+00:00,success,,,a126311
iot-asis-F-0004-1E82A7,iot,as-is,F,2026-04-21T17:04:00.015932+00:00,2026-04-21T17:04:00.098888+00:00,success,,,a126311
iot-asis-F-0005-CD0B1A,iot,as-is,F,2026-04-21T17:04:00.201323+00:00,2026-04-21T17:04:00.286577+00:00,success,,,a126311
iot-asis-F-0006-3426DB,iot,as-is,F,2026-04-21T17:04:00.388926+00:00,2026-04-21T17:04:00.457426+00:00,success,,,a126311
iot-asis-F-0007-4144DF,iot,as-is,F,2026-04-21T17:04:00.559369+00:00,2026-04-21T17:04:00.646154+00:00,success,,,a126311
iot-asis-F-0008-F2330F,iot,as-is,F,2026-04-21T17:04:00.748625+00:00,2026-04-21T17:04:00.816290+00:00,success,,,a126311
iot-asis-F-0009-305B46,iot,as-is,F,2026-04-21T17:04:00.918698+00:00,2026-04-21T17:04:00.994478+00:00,success,,,a126311
iot-asis-F-0010-2DD5A5,iot,as-is,F,2026-04-21T17:04:01.097337+00:00,2026-04-21T17:04:01.190042+00:00,success,,,a126311
iot-asis-F-0011-E245B3,iot,as-is,F,2026-04-21T17:04:01.291784+00:00,2026-04-21T17:04:01.377478+00:00,success,,,a126311
iot-asis-F-0012-964C00,iot,as-is,F,2026-04-21T17:04:01.479338+00:00,2026-04-21T17:04:01.551777+00:00,success,,,a126311
iot-asis-F-0013-CBE6B9,iot,as-is,F,2026-04-21T17:04:01.653824+00:00,2026-04-21T17:04:01.743664+00:00,success,,,a126311
iot-asis-F-0014-C3BC66,iot,as-is,F,2026-04-21T17:04:01.845987+00:00,2026-04-21T17:04:01.919187+00:00,success,,,a126311
iot-asis-F-0015-D74E82,iot,as-is,F,2026-04-21T17:04:02.021842+00:00,2026-04-21T17:04:02.106787+00:00,success,,,a126311
iot-asis-F-0016-773EFB,iot,as-is,F,2026-04-21T17:04:02.210175+00:00,2026-04-21T17:04:02.281418+00:00,success,,,a126311
iot-asis-F-0017-93A376,iot,as-is,F,2026-04-21T17:04:02.383423+00:00,2026-04-21T17:04:02.465494+00:00,success,,,a126311
iot-asis-F-0018-0404E0,iot,as-is,F,2026-04-21T17:04:02.567800+00:00,2026-04-21T17:04:02.655923+00:00,success,,,a126311
iot-asis-F-0019-4B6F13,iot,as-is,F,2026-04-21T17:04:02.758151+00:00,2026-04-21T17:04:02.828258+00:00,success,,,a126311
iot-asis-F-0020-6E9DD1,iot,as-is,F,2026-04-21T17:04:02.930237+00:00,2026-04-21T17:04:02.997258+00:00,success,,,a126311
iot-asis-F-0021-BB1A71,iot,as-is,F,2026-04-21T17:04:03.100534+00:00,2026-04-21T17:04:03.166335+00:00,success,,,a126311
iot-asis-F-0022-447046,iot,as-is,F,2026-04-21T17:04:03.268365+00:00,2026-04-21T17:04:03.345964+00:00,success,,,a126311
iot-asis-F-0023-F92B79,iot,as-is,F,2026-04-21T17:04:03.448218+00:00,2026-04-21T17:04:03.537585+00:00,success,,,a126311
iot-asis-F-0024-1029D6,iot,as-is,F,2026-04-21T17:04:03.640016+00:00,2026-04-21T17:04:03.722990+00:00,success,,,a126311
iot-asis-F-0025-0B4F5D,iot,as-is,F,2026-04-21T17:04:03.825440+00:00,2026-04-21T17:04:03.896870+00:00,success,,,a126311
iot-asis-F-0026-FE8253,iot,as-is,F,2026-04-21T17:04:03.999226+00:00,2026-04-21T17:04:04.064238+00:00,success,,,a126311
iot-asis-F-0027-7A5634,iot,as-is,F,2026-04-21T17:04:04.166030+00:00,2026-04-21T17:04:04.234122+00:00,success,,,a126311
iot-asis-F-0028-FB6296,iot,as-is,F,2026-04-21T17:04:04.336185+00:00,2026-04-21T17:04:04.418778+00:00,success,,,a126311
iot-asis-F-0029-83432C,iot,as-is,F,2026-04-21T17:04:04.520802+00:00,2026-04-21T17:04:04.607266+00:00,success,,,a126311
iot-asis-F-0030-2750D2,iot,as-is,F,2026-04-21T17:04:04.709276+00:00,2026-04-21T17:04:04.776206+00:00,success,,,a126311
iot-asis-F-0031-96BC51,iot,as-is,F,2026-04-21T17:04:04.878193+00:00,2026-04-21T17:04:04.963783+00:00,success,,,a126311
iot-asis-F-0032-835218,iot,as-is,F,2026-04-21T17:04:05.066123+00:00,2026-04-21T17:04:05.131846+00:00,success,,,a126311
iot-asis-F-0033-79B8C0,iot,as-is,F,2026-04-21T17:04:05.234262+00:00,2026-04-21T17:04:05.301699+00:00,success,,,a126311
iot-asis-F-0034-E97FBD,iot,as-is,F,2026-04-21T17:04:05.403940+00:00,2026-04-21T17:04:05.491115+00:00,success,,,a126311
iot-asis-F-0035-7A0FE9,iot,as-is,F,2026-04-21T17:04:05.593551+00:00,2026-04-21T17:04:05.659517+00:00,success,,,a126311
iot-asis-F-0036-B083D4,iot,as-is,F,2026-04-21T17:04:05.761661+00:00,2026-04-21T17:04:05.837348+00:00,success,,,a126311
iot-asis-F-0037-EAB3F8,iot,as-is,F,2026-04-21T17:04:05.939459+00:00,2026-04-21T17:04:06.045706+00:00,success,,,a126311
iot-asis-F-0038-200D74,iot,as-is,F,2026-04-21T17:04:06.147538+00:00,2026-04-21T17:04:06.219886+00:00,success,,,a126311
iot-asis-F-0039-51FD4B,iot,as-is,F,2026-04-21T17:04:06.321848+00:00,2026-04-21T17:04:06.405127+00:00,success,,,a126311
iot-asis-F-0040-A756BE,iot,as-is,F,2026-04-21T17:04:06.507793+00:00,2026-04-21T17:04:06.590774+00:00,success,,,a126311
iot-asis-F-0041-00ABBB,iot,as-is,F,2026-04-21T17:04:06.693436+00:00,2026-04-21T17:04:06.760151+00:00,success,,,a126311
iot-asis-F-0042-AF2AC3,iot,as-is,F,2026-04-21T17:04:06.861745+00:00,2026-04-21T17:04:06.929094+00:00,success,,,a126311
iot-asis-F-0043-A41A3A,iot,as-is,F,2026-04-21T17:04:07.031880+00:00,2026-04-21T17:04:07.102157+00:00,success,,,a126311
iot-asis-F-0044-4ABA29,iot,as-is,F,2026-04-21T17:04:07.203769+00:00,2026-04-21T17:04:07.285017+00:00,success,,,a126311
iot-asis-F-0045-9CCD26,iot,as-is,F,2026-04-21T17:04:07.386780+00:00,2026-04-21T17:04:07.460626+00:00,success,,,a126311
iot-asis-F-0046-ED0BF4,iot,as-is,F,2026-04-21T17:04:07.562496+00:00,2026-04-21T17:04:07.632534+00:00,success,,,a126311
iot-asis-F-0047-42BD2B,iot,as-is,F,2026-04-21T17:04:07.734457+00:00,2026-04-21T17:04:07.801491+00:00,success,,,a126311
iot-asis-F-0048-E08C44,iot,as-is,F,2026-04-21T17:04:07.903806+00:00,2026-04-21T17:04:07.985019+00:00,success,,,a126311
iot-asis-F-0049-38471C,iot,as-is,F,2026-04-21T17:04:08.086675+00:00,2026-04-21T17:04:08.170132+00:00,success,,,a126311
iot-asis-F-0050-7C2547,iot,as-is,F,2026-04-21T17:04:08.272470+00:00,2026-04-21T17:04:08.347165+00:00,success,,,a126311
iot-asis-F-0051-BD92BD,iot,as-is,F,2026-04-21T17:04:08.449525+00:00,2026-04-21T17:04:08.534707+00:00,success,,,a126311
iot-asis-F-0052-EDBDCF,iot,as-is,F,2026-04-21T17:04:08.637312+00:00,2026-04-21T17:04:08.725611+00:00,success,,,a126311
iot-asis-F-0053-14119D,iot,as-is,F,2026-04-21T17:04:08.827661+00:00,2026-04-21T17:04:08.912925+00:00,success,,,a126311
iot-asis-F-0054-87C9E5,iot,as-is,F,2026-04-21T17:04:09.014971+00:00,2026-04-21T17:04:09.083067+00:00,success,,,a126311
iot-asis-F-0055-F85D00,iot,as-is,F,2026-04-21T17:04:09.185228+00:00,2026-04-21T17:04:09.254187+00:00,success,,,a126311
iot-asis-F-0056-A04CE1,iot,as-is,F,2026-04-21T17:04:09.356468+00:00,2026-04-21T17:04:09.433188+00:00,success,,,a126311
iot-asis-F-0057-EFD505,iot,as-is,F,2026-04-21T17:04:09.535034+00:00,2026-04-21T17:04:09.620754+00:00,success,,,a126311
iot-asis-F-0058-3E3C0D,iot,as-is,F,2026-04-21T17:04:09.722478+00:00,2026-04-21T17:04:09.791442+00:00,success,,,a126311
iot-asis-F-0059-AD24AF,iot,as-is,F,2026-04-21T17:04:09.893649+00:00,2026-04-21T17:04:09.960607+00:00,success,,,a126311
iot-asis-F-0060-B54C0F,iot,as-is,F,2026-04-21T17:04:10.063041+00:00,2026-04-21T17:04:10.130286+00:00,success,,,a126311
iot-asis-F-0061-E0BDF9,iot,as-is,F,2026-04-21T17:04:10.232466+00:00,2026-04-21T17:04:10.303514+00:00,success,,,a126311
iot-asis-F-0062-BBAE10,iot,as-is,F,2026-04-21T17:04:10.405871+00:00,2026-04-21T17:04:10.472701+00:00,success,,,a126311
iot-asis-F-0063-C1836C,iot,as-is,F,2026-04-21T17:04:10.574717+00:00,2026-04-21T17:04:10.649221+00:00,success,,,a126311
iot-asis-F-0064-24B3C9,iot,as-is,F,2026-04-21T17:04:10.752031+00:00,2026-04-21T17:04:10.829188+00:00,success,,,a126311
iot-asis-F-0065-6A1E92,iot,as-is,F,2026-04-21T17:04:10.931197+00:00,2026-04-21T17:04:11.019257+00:00,success,,,a126311
iot-asis-F-0066-0F499D,iot,as-is,F,2026-04-21T17:04:11.121243+00:00,2026-04-21T17:04:11.187091+00:00,success,,,a126311
iot-asis-F-0067-45EA14,iot,as-is,F,2026-04-21T17:04:11.289115+00:00,2026-04-21T17:04:11.373307+00:00,success,,,a126311
iot-asis-F-0068-EF4E5C,iot,as-is,F,2026-04-21T17:04:11.475344+00:00,2026-04-21T17:04:11.555227+00:00,success,,,a126311
iot-asis-F-0069-6A9CEC,iot,as-is,F,2026-04-21T17:04:11.657273+00:00,2026-04-21T17:04:11.738949+00:00,success,,,a126311
iot-asis-F-0070-468ED6,iot,as-is,F,2026-04-21T17:04:11.841126+00:00,2026-04-21T17:04:11.909033+00:00,success,,,a126311
iot-asis-F-0071-0327F5,iot,as-is,F,2026-04-21T17:04:12.011750+00:00,2026-04-21T17:04:12.093681+00:00,success,,,a126311
iot-asis-F-0072-01ED14,iot,as-is,F,2026-04-21T17:04:12.196375+00:00,2026-04-21T17:04:12.270002+00:00,success,,,a126311
iot-asis-F-0073-0010CB,iot,as-is,F,2026-04-21T17:04:12.371795+00:00,2026-04-21T17:04:12.453909+00:00,success,,,a126311
iot-asis-F-0074-12CB84,iot,as-is,F,2026-04-21T17:04:12.556091+00:00,2026-04-21T17:04:12.638213+00:00,success,,,a126311
iot-asis-F-0075-BC5529,iot,as-is,F,2026-04-21T17:04:12.740013+00:00,2026-04-21T17:04:12.836202+00:00,success,,,a126311
iot-asis-F-0076-655CF0,iot,as-is,F,2026-04-21T17:04:12.938470+00:00,2026-04-21T17:04:13.002482+00:00,success,,,a126311
iot-asis-F-0077-18021A,iot,as-is,F,2026-04-21T17:04:13.104630+00:00,2026-04-21T17:04:13.172905+00:00,success,,,a126311
iot-asis-F-0078-E152CF,iot,as-is,F,2026-04-21T17:04:13.275656+00:00,2026-04-21T17:04:13.346242+00:00,success,,,a126311
iot-asis-F-0079-2347C7,iot,as-is,F,2026-04-21T17:04:13.447911+00:00,2026-04-21T17:04:13.540753+00:00,success,,,a126311
iot-asis-F-0080-539B84,iot,as-is,F,2026-04-21T17:04:13.642784+00:00,2026-04-21T17:04:13.723156+00:00,success,,,a126311
iot-asis-F-0081-4D010D,iot,as-is,F,2026-04-21T17:04:13.824757+00:00,2026-04-21T17:04:13.910613+00:00,success,,,a126311
iot-asis-F-0082-682919,iot,as-is,F,2026-04-21T17:04:14.012299+00:00,2026-04-21T17:04:14.092324+00:00,success,,,a126311
iot-asis-F-0083-17289C,iot,as-is,F,2026-04-21T17:04:14.194152+00:00,2026-04-21T17:04:14.270134+00:00,success,,,a126311
iot-asis-F-0084-B3436E,iot,as-is,F,2026-04-21T17:04:14.373847+00:00,2026-04-21T17:04:14.451458+00:00,success,,,a126311
iot-asis-F-0085-D01613,iot,as-is,F,2026-04-21T17:04:14.553652+00:00,2026-04-21T17:04:14.638650+00:00,success,,,a126311
iot-asis-F-0086-6C500C,iot,as-is,F,2026-04-21T17:04:14.740233+00:00,2026-04-21T17:04:14.810023+00:00,success,,,a126311
iot-asis-F-0087-F21273,iot,as-is,F,2026-04-21T17:04:14.912062+00:00,2026-04-21T17:04:14.990447+00:00,success,,,a126311
iot-asis-F-0088-E3680B,iot,as-is,F,2026-04-21T17:04:15.092078+00:00,2026-04-21T17:04:15.176008+00:00,success,,,a126311
iot-asis-F-0089-31F365,iot,as-is,F,2026-04-21T17:04:15.278427+00:00,2026-04-21T17:04:15.351870+00:00,success,,,a126311
iot-asis-F-0090-1CCC41,iot,as-is,F,2026-04-21T17:04:15.454398+00:00,2026-04-21T17:04:15.541594+00:00,success,,,a126311
iot-asis-F-0091-39B690,iot,as-is,F,2026-04-21T17:04:15.644120+00:00,2026-04-21T17:04:15.722815+00:00,success,,,a126311
iot-asis-F-0092-B47B12,iot,as-is,F,2026-04-21T17:04:15.825697+00:00,2026-04-21T17:04:15.898298+00:00,success,,,a126311
iot-asis-F-0093-D49A45,iot,as-is,F,2026-04-21T17:04:15.999942+00:00,2026-04-21T17:04:16.084836+00:00,success,,,a126311
iot-asis-F-0094-E929B3,iot,as-is,F,2026-04-21T17:04:16.188619+00:00,2026-04-21T17:04:16.279020+00:00,success,,,a126311
iot-asis-F-0095-AAAFD3,iot,as-is,F,2026-04-21T17:04:16.380689+00:00,2026-04-21T17:04:16.466432+00:00,success,,,a126311
iot-asis-F-0096-E07498,iot,as-is,F,2026-04-21T17:04:16.568337+00:00,2026-04-21T17:04:16.644092+00:00,success,,,a126311
iot-asis-F-0097-B3FA2C,iot,as-is,F,2026-04-21T17:04:16.746129+00:00,2026-04-21T17:04:16.813616+00:00,success,,,a126311
iot-asis-F-0098-311FC5,iot,as-is,F,2026-04-21T17:04:16.915362+00:00,2026-04-21T17:04:17.004627+00:00,success,,,a126311
iot-asis-F-0099-3262FC,iot,as-is,F,2026-04-21T17:04:17.107421+00:00,2026-04-21T17:04:17.176569+00:00,success,,,a126311
iot-asis-F-0100-39DB9C,iot,as-is,F,2026-04-21T17:04:17.279478+00:00,2026-04-21T17:04:17.346578+00:00,success,,,a126311
iot-asis-F-0101-0C4E66,iot,as-is,F,2026-04-21T17:04:17.449235+00:00,2026-04-21T17:04:17.516831+00:00,success,,,a126311
iot-asis-F-0102-3319AC,iot,as-is,F,2026-04-21T17:04:17.619164+00:00,2026-04-21T17:04:17.702696+00:00,success,,,a126311
iot-asis-F-0103-95A477,iot,as-is,F,2026-04-21T17:04:17.804868+00:00,2026-04-21T17:04:17.874315+00:00,success,,,a126311
iot-asis-F-0104-99526E,iot,as-is,F,2026-04-21T17:04:17.976015+00:00,2026-04-21T17:04:18.058905+00:00,success,,,a126311
iot-asis-F-0105-8ADD4F,iot,as-is,F,2026-04-21T17:04:18.160767+00:00,2026-04-21T17:04:18.246067+00:00,success,,,a126311
iot-asis-F-0106-CB0320,iot,as-is,F,2026-04-21T17:04:18.348751+00:00,2026-04-21T17:04:18.433238+00:00,success,,,a126311
iot-asis-F-0107-E28AA7,iot,as-is,F,2026-04-21T17:04:18.535624+00:00,2026-04-21T17:04:18.603670+00:00,success,,,a126311
iot-asis-F-0108-77CE39,iot,as-is,F,2026-04-21T17:04:18.705736+00:00,2026-04-21T17:04:18.776426+00:00,success,,,a126311
iot-asis-F-0109-AAE605,iot,as-is,F,2026-04-21T17:04:18.879128+00:00,2026-04-21T17:04:18.948118+00:00,success,,,a126311
iot-asis-F-0110-A03297,iot,as-is,F,2026-04-21T17:04:19.049672+00:00,2026-04-21T17:04:19.116561+00:00,success,,,a126311
iot-asis-F-0111-E2DD9C,iot,as-is,F,2026-04-21T17:04:19.219117+00:00,2026-04-21T17:04:19.287796+00:00,success,,,a126311
iot-asis-F-0112-F65504,iot,as-is,F,2026-04-21T17:04:19.390109+00:00,2026-04-21T17:04:19.468863+00:00,success,,,a126311
iot-asis-F-0113-43D70C,iot,as-is,F,2026-04-21T17:04:19.570724+00:00,2026-04-21T17:04:19.658397+00:00,success,,,a126311
iot-asis-F-0114-FFF651,iot,as-is,F,2026-04-21T17:04:19.760576+00:00,2026-04-21T17:04:19.851950+00:00,success,,,a126311
iot-asis-F-0115-CDDA2E,iot,as-is,F,2026-04-21T17:04:19.954659+00:00,2026-04-21T17:04:20.057813+00:00,success,,,a126311
iot-asis-F-0116-2FC05D,iot,as-is,F,2026-04-21T17:04:20.160509+00:00,2026-04-21T17:04:20.263227+00:00,success,,,a126311
iot-asis-F-0117-2F2316,iot,as-is,F,2026-04-21T17:04:20.365200+00:00,2026-04-21T17:04:20.436586+00:00,success,,,a126311
iot-asis-F-0118-CF6EB5,iot,as-is,F,2026-04-21T17:04:20.539687+00:00,2026-04-21T17:04:20.608546+00:00,success,,,a126311
iot-asis-F-0119-08DD48,iot,as-is,F,2026-04-21T17:04:20.710399+00:00,2026-04-21T17:04:20.783844+00:00,success,,,a126311
iot-asis-F-0120-935550,iot,as-is,F,2026-04-21T17:04:20.885637+00:00,2026-04-21T17:04:20.978174+00:00,success,,,a126311
iot-asis-F-0121-39F894,iot,as-is,F,2026-04-21T17:04:21.080576+00:00,2026-04-21T17:04:21.167578+00:00,success,,,a126311
iot-asis-F-0122-059308,iot,as-is,F,2026-04-21T17:04:21.269648+00:00,2026-04-21T17:04:21.358399+00:00,success,,,a126311
iot-asis-F-0123-BF1E45,iot,as-is,F,2026-04-21T17:04:21.460139+00:00,2026-04-21T17:04:21.542368+00:00,success,,,a126311
iot-asis-F-0124-108308,iot,as-is,F,2026-04-21T17:04:21.644279+00:00,2026-04-21T17:04:21.743131+00:00,success,,,a126311
iot-asis-F-0125-02E6CB,iot,as-is,F,2026-04-21T17:04:21.844997+00:00,2026-04-21T17:04:21.924064+00:00,success,,,a126311
iot-asis-F-0126-7627FA,iot,as-is,F,2026-04-21T17:04:22.026250+00:00,2026-04-21T17:04:22.149064+00:00,success,,,a126311
iot-asis-F-0127-43A69A,iot,as-is,F,2026-04-21T17:04:22.251837+00:00,2026-04-21T17:04:22.335843+00:00,success,,,a126311
iot-asis-F-0128-54E006,iot,as-is,F,2026-04-21T17:04:22.437922+00:00,2026-04-21T17:04:22.531184+00:00,success,,,a126311
iot-asis-F-0129-0AEFA1,iot,as-is,F,2026-04-21T17:04:22.633399+00:00,2026-04-21T17:04:22.752825+00:00,success,,,a126311
iot-asis-F-0130-F0923F,iot,as-is,F,2026-04-21T17:04:22.854891+00:00,2026-04-21T17:04:22.940274+00:00,success,,,a126311
iot-asis-F-0131-74BB91,iot,as-is,F,2026-04-21T17:04:23.043010+00:00,2026-04-21T17:04:23.135634+00:00,success,,,a126311
iot-asis-F-0132-B235DE,iot,as-is,F,2026-04-21T17:04:23.237781+00:00,2026-04-21T17:04:23.311991+00:00,success,,,a126311
iot-asis-F-0133-DB742D,iot,as-is,F,2026-04-21T17:04:23.413804+00:00,2026-04-21T17:04:23.486519+00:00,success,,,a126311
iot-asis-F-0134-50D447,iot,as-is,F,2026-04-21T17:04:23.588784+00:00,2026-04-21T17:04:23.684652+00:00,success,,,a126311
iot-asis-F-0135-96A9ED,iot,as-is,F,2026-04-21T17:04:23.786545+00:00,2026-04-21T17:04:23.875255+00:00,success,,,a126311
iot-asis-F-0136-D08D8A,iot,as-is,F,2026-04-21T17:04:23.976951+00:00,2026-04-21T17:04:24.044752+00:00,success,,,a126311
iot-asis-F-0137-6F9E92,iot,as-is,F,2026-04-21T17:04:24.146916+00:00,2026-04-21T17:04:24.237454+00:00,success,,,a126311
iot-asis-F-0138-3DD6DC,iot,as-is,F,2026-04-21T17:04:24.339377+00:00,2026-04-21T17:04:24.428736+00:00,success,,,a126311
iot-asis-F-0139-A22168,iot,as-is,F,2026-04-21T17:04:24.530608+00:00,2026-04-21T17:04:24.633028+00:00,success,,,a126311
iot-asis-F-0140-6F562B,iot,as-is,F,2026-04-21T17:04:24.735187+00:00,2026-04-21T17:04:24.811944+00:00,success,,,a126311
iot-asis-F-0141-F4660C,iot,as-is,F,2026-04-21T17:04:24.914703+00:00,2026-04-21T17:04:24.989322+00:00,success,,,a126311
iot-asis-F-0142-A35D27,iot,as-is,F,2026-04-21T17:04:25.092207+00:00,2026-04-21T17:04:25.192799+00:00,success,,,a126311
iot-asis-F-0143-D3BC3E,iot,as-is,F,2026-04-21T17:04:25.295013+00:00,2026-04-21T17:04:25.383433+00:00,success,,,a126311
iot-asis-F-0144-61C3FC,iot,as-is,F,2026-04-21T17:04:25.485264+00:00,2026-04-21T17:04:25.554858+00:00,success,,,a126311
iot-asis-F-0145-58EE2F,iot,as-is,F,2026-04-21T17:04:25.657440+00:00,2026-04-21T17:04:25.733368+00:00,success,,,a126311
iot-asis-F-0146-52CEED,iot,as-is,F,2026-04-21T17:04:25.835535+00:00,2026-04-21T17:04:25.918978+00:00,success,,,a126311
iot-asis-F-0147-9C0607,iot,as-is,F,2026-04-21T17:04:26.021033+00:00,2026-04-21T17:04:26.090562+00:00,success,,,a126311
iot-asis-F-0148-A681D3,iot,as-is,F,2026-04-21T17:04:26.192990+00:00,2026-04-21T17:04:26.275185+00:00,success,,,a126311
iot-asis-F-0149-943DC1,iot,as-is,F,2026-04-21T17:04:26.376801+00:00,2026-04-21T17:04:26.445444+00:00,success,,,a126311
iot-asis-F-0150-D6F843,iot,as-is,F,2026-04-21T17:04:26.548651+00:00,2026-04-21T17:04:26.629449+00:00,success,,,a126311
iot-asis-F-0151-9D4882,iot,as-is,F,2026-04-21T17:04:26.732130+00:00,2026-04-21T17:04:26.832275+00:00,success,,,a126311
iot-asis-F-0152-E416C1,iot,as-is,F,2026-04-21T17:04:26.934050+00:00,2026-04-21T17:04:27.023427+00:00,success,,,a126311
iot-asis-F-0153-5E1786,iot,as-is,F,2026-04-21T17:04:27.125180+00:00,2026-04-21T17:04:27.205862+00:00,success,,,a126311
iot-asis-F-0154-34644B,iot,as-is,F,2026-04-21T17:04:27.307754+00:00,2026-04-21T17:04:27.377747+00:00,success,,,a126311
iot-asis-F-0155-C34D7D,iot,as-is,F,2026-04-21T17:04:27.480113+00:00,2026-04-21T17:04:27.565975+00:00,success,,,a126311
iot-asis-F-0156-F1BE19,iot,as-is,F,2026-04-21T17:04:27.667892+00:00,2026-04-21T17:04:27.738300+00:00,success,,,a126311
iot-asis-F-0157-D40774,iot,as-is,F,2026-04-21T17:04:27.840333+00:00,2026-04-21T17:04:27.927302+00:00,success,,,a126311
iot-asis-F-0158-E43C48,iot,as-is,F,2026-04-21T17:04:28.029478+00:00,2026-04-21T17:04:28.098068+00:00,success,,,a126311
iot-asis-F-0159-A2B0E0,iot,as-is,F,2026-04-21T17:04:28.200003+00:00,2026-04-21T17:04:28.279286+00:00,success,,,a126311
iot-asis-F-0160-342330,iot,as-is,F,2026-04-21T17:04:28.381310+00:00,2026-04-21T17:04:28.461894+00:00,success,,,a126311
iot-asis-F-0161-47769E,iot,as-is,F,2026-04-21T17:04:28.564116+00:00,2026-04-21T17:04:28.647431+00:00,success,,,a126311
iot-asis-F-0162-34A5EE,iot,as-is,F,2026-04-21T17:04:28.749422+00:00,2026-04-21T17:04:28.818908+00:00,success,,,a126311
iot-asis-F-0163-B6BE26,iot,as-is,F,2026-04-21T17:04:28.920764+00:00,2026-04-21T17:04:29.006556+00:00,success,,,a126311
iot-asis-F-0164-DDC970,iot,as-is,F,2026-04-21T17:04:29.109611+00:00,2026-04-21T17:04:29.177139+00:00,success,,,a126311
iot-asis-F-0165-FF6A40,iot,as-is,F,2026-04-21T17:04:29.279636+00:00,2026-04-21T17:04:29.348856+00:00,success,,,a126311
iot-asis-F-0166-B42FE4,iot,as-is,F,2026-04-21T17:04:29.451621+00:00,2026-04-21T17:04:29.523509+00:00,success,,,a126311
iot-asis-F-0167-8DEA4C,iot,as-is,F,2026-04-21T17:04:29.625833+00:00,2026-04-21T17:04:29.709083+00:00,success,,,a126311
iot-asis-F-0168-A28354,iot,as-is,F,2026-04-21T17:04:29.811529+00:00,2026-04-21T17:04:29.892445+00:00,success,,,a126311
iot-asis-F-0169-E79FED,iot,as-is,F,2026-04-21T17:04:29.994107+00:00,2026-04-21T17:04:30.063357+00:00,success,,,a126311
iot-asis-F-0170-721D58,iot,as-is,F,2026-04-21T17:04:30.165809+00:00,2026-04-21T17:04:30.247536+00:00,success,,,a126311
iot-asis-F-0171-41C597,iot,as-is,F,2026-04-21T17:04:30.349699+00:00,2026-04-21T17:04:30.445205+00:00,success,,,a126311
iot-asis-F-0172-08E16C,iot,as-is,F,2026-04-21T17:04:30.546985+00:00,2026-04-21T17:04:30.613436+00:00,success,,,a126311
iot-asis-F-0173-ED8928,iot,as-is,F,2026-04-21T17:04:30.715242+00:00,2026-04-21T17:04:30.784002+00:00,success,,,a126311
iot-asis-F-0174-91FA6E,iot,as-is,F,2026-04-21T17:04:30.886415+00:00,2026-04-21T17:04:30.954524+00:00,success,,,a126311
iot-asis-F-0175-2F585E,iot,as-is,F,2026-04-21T17:04:31.057216+00:00,2026-04-21T17:04:31.138004+00:00,success,,,a126311
iot-asis-F-0176-91CAC2,iot,as-is,F,2026-04-21T17:04:31.240038+00:00,2026-04-21T17:04:31.312025+00:00,success,,,a126311
iot-asis-F-0177-2EA370,iot,as-is,F,2026-04-21T17:04:31.415131+00:00,2026-04-21T17:04:31.499685+00:00,success,,,a126311
iot-asis-F-0178-9384F5,iot,as-is,F,2026-04-21T17:04:31.602088+00:00,2026-04-21T17:04:31.672172+00:00,success,,,a126311
iot-asis-F-0179-F8F502,iot,as-is,F,2026-04-21T17:04:31.774160+00:00,2026-04-21T17:04:31.861557+00:00,success,,,a126311
iot-asis-F-0180-9EB6FF,iot,as-is,F,2026-04-21T17:04:31.963823+00:00,2026-04-21T17:04:32.044405+00:00,success,,,a126311
iot-asis-F-0181-E42343,iot,as-is,F,2026-04-21T17:04:32.146647+00:00,2026-04-21T17:04:32.230724+00:00,success,,,a126311
iot-asis-F-0182-FE8D33,iot,as-is,F,2026-04-21T17:04:32.334493+00:00,2026-04-21T17:04:32.436182+00:00,success,,,a126311
iot-asis-F-0183-68B343,iot,as-is,F,2026-04-21T17:04:32.538610+00:00,2026-04-21T17:04:32.615024+00:00,success,,,a126311
iot-asis-F-0184-A41F8E,iot,as-is,F,2026-04-21T17:04:32.718094+00:00,2026-04-21T17:04:32.792479+00:00,success,,,a126311
iot-asis-F-0185-7CD565,iot,as-is,F,2026-04-21T17:04:32.894789+00:00,2026-04-21T17:04:32.990659+00:00,success,,,a126311
iot-asis-F-0186-B6FAE3,iot,as-is,F,2026-04-21T17:04:33.093285+00:00,2026-04-21T17:04:33.162918+00:00,success,,,a126311
iot-asis-F-0187-2CDC74,iot,as-is,F,2026-04-21T17:04:33.264971+00:00,2026-04-21T17:04:33.345343+00:00,success,,,a126311
iot-asis-F-0188-410BD0,iot,as-is,F,2026-04-21T17:04:33.447584+00:00,2026-04-21T17:04:33.522722+00:00,success,,,a126311
iot-asis-F-0189-080AE5,iot,as-is,F,2026-04-21T17:04:33.624912+00:00,2026-04-21T17:04:33.698084+00:00,success,,,a126311
iot-asis-F-0190-57DAF2,iot,as-is,F,2026-04-21T17:04:33.800084+00:00,2026-04-21T17:04:33.885299+00:00,success,,,a126311
iot-asis-F-0191-ED4FCA,iot,as-is,F,2026-04-21T17:04:33.987805+00:00,2026-04-21T17:04:34.055052+00:00,success,,,a126311
iot-asis-F-0192-657128,iot,as-is,F,2026-04-21T17:04:34.157465+00:00,2026-04-21T17:04:34.247270+00:00,success,,,a126311
iot-asis-F-0193-B7E9EB,iot,as-is,F,2026-04-21T17:04:34.349758+00:00,2026-04-21T17:04:34.432340+00:00,success,,,a126311
iot-asis-F-0194-815570,iot,as-is,F,2026-04-21T17:04:34.534093+00:00,2026-04-21T17:04:34.620673+00:00,success,,,a126311
iot-asis-F-0195-FA9D2B,iot,as-is,F,2026-04-21T17:04:34.722587+00:00,2026-04-21T17:04:34.821050+00:00,success,,,a126311
iot-asis-F-0196-C3065F,iot,as-is,F,2026-04-21T17:04:34.923158+00:00,2026-04-21T17:04:35.009856+00:00,success,,,a126311
iot-asis-F-0197-6AE0EA,iot,as-is,F,2026-04-21T17:04:35.111526+00:00,2026-04-21T17:04:35.179089+00:00,success,,,a126311
iot-asis-F-0198-F56B47,iot,as-is,F,2026-04-21T17:04:35.280470+00:00,2026-04-21T17:04:35.350784+00:00,success,,,a126311
iot-asis-F-0199-5BE939,iot,as-is,F,2026-04-21T17:04:35.452632+00:00,2026-04-21T17:04:35.532826+00:00,success,,,a126311
iot-asis-G-0000-52BB04,iot,as-is,G,2026-04-21T17:04:35.652939+00:00,2026-04-21T17:04:35.749009+00:00,success,,,a126311
iot-asis-G-0001-F63104,iot,as-is,G,2026-04-21T17:04:35.851086+00:00,2026-04-21T17:04:35.944282+00:00,success,,,a126311
iot-asis-G-0002-827D93,iot,as-is,G,2026-04-21T17:04:36.046350+00:00,2026-04-21T17:04:36.129361+00:00,success,,,a126311
iot-asis-G-0003-FDF17F,iot,as-is,G,2026-04-21T17:04:36.231484+00:00,2026-04-21T17:04:36.329258+00:00,success,,,a126311
iot-asis-G-0004-2F9B08,iot,as-is,G,2026-04-21T17:04:36.431938+00:00,2026-04-21T17:04:36.516214+00:00,success,,,a126311
iot-asis-G-0005-0FE000,iot,as-is,G,2026-04-21T17:04:36.617813+00:00,2026-04-21T17:04:36.690601+00:00,success,,,a126311
iot-asis-G-0006-631158,iot,as-is,G,2026-04-21T17:04:36.792259+00:00,2026-04-21T17:04:36.874492+00:00,success,,,a126311
iot-asis-G-0007-B081B3,iot,as-is,G,2026-04-21T17:04:36.976462+00:00,2026-04-21T17:04:37.046723+00:00,success,,,a126311
iot-asis-G-0008-3C6710,iot,as-is,G,2026-04-21T17:04:37.148319+00:00,2026-04-21T17:04:37.216149+00:00,success,,,a126311
iot-asis-G-0009-2EF80D,iot,as-is,G,2026-04-21T17:04:37.318112+00:00,2026-04-21T17:04:37.385188+00:00,success,,,a126311
iot-asis-G-0010-494D48,iot,as-is,G,2026-04-21T17:04:37.487418+00:00,2026-04-21T17:04:37.555896+00:00,success,,,a126311
iot-asis-G-0011-0F141D,iot,as-is,G,2026-04-21T17:04:37.657877+00:00,2026-04-21T17:04:37.742256+00:00,success,,,a126311
iot-asis-G-0012-755236,iot,as-is,G,2026-04-21T17:04:37.844444+00:00,2026-04-21T17:04:37.913821+00:00,success,,,a126311
iot-asis-G-0013-63E5B7,iot,as-is,G,2026-04-21T17:04:38.016544+00:00,2026-04-21T17:04:38.084144+00:00,success,,,a126311
iot-asis-G-0014-D68FA0,iot,as-is,G,2026-04-21T17:04:38.186826+00:00,2026-04-21T17:04:38.259634+00:00,success,,,a126311
iot-asis-G-0015-53870F,iot,as-is,G,2026-04-21T17:04:38.361731+00:00,2026-04-21T17:04:38.436856+00:00,success,,,a126311
iot-asis-G-0016-D7F213,iot,as-is,G,2026-04-21T17:04:38.539914+00:00,2026-04-21T17:04:38.611495+00:00,success,,,a126311
iot-asis-G-0017-3C39A0,iot,as-is,G,2026-04-21T17:04:38.713988+00:00,2026-04-21T17:04:38.791933+00:00,success,,,a126311
iot-asis-G-0018-72403C,iot,as-is,G,2026-04-21T17:04:38.894511+00:00,2026-04-21T17:04:38.970943+00:00,success,,,a126311
iot-asis-G-0019-764C51,iot,as-is,G,2026-04-21T17:04:39.072811+00:00,2026-04-21T17:04:39.214967+00:00,success,,,a126311
iot-asis-G-0020-AAF37E,iot,as-is,G,2026-04-21T17:04:39.319422+00:00,2026-04-21T17:04:39.404800+00:00,success,,,a126311
iot-asis-G-0021-4CFAC0,iot,as-is,G,2026-04-21T17:04:39.507128+00:00,2026-04-21T17:04:39.589858+00:00,success,,,a126311
iot-asis-G-0022-8A9BC0,iot,as-is,G,2026-04-21T17:04:39.692131+00:00,2026-04-21T17:04:39.772474+00:00,success,,,a126311
iot-asis-G-0023-9CAFD1,iot,as-is,G,2026-04-21T17:04:39.874052+00:00,2026-04-21T17:04:39.962012+00:00,success,,,a126311
iot-asis-G-0024-FEE1E5,iot,as-is,G,2026-04-21T17:04:40.064739+00:00,2026-04-21T17:04:40.146919+00:00,success,,,a126311
iot-asis-G-0025-6E89B8,iot,as-is,G,2026-04-21T17:04:40.249824+00:00,2026-04-21T17:04:40.331493+00:00,success,,,a126311
iot-asis-G-0026-05E4BA,iot,as-is,G,2026-04-21T17:04:40.433079+00:00,2026-04-21T17:04:40.538596+00:00,success,,,a126311
iot-asis-G-0027-80200F,iot,as-is,G,2026-04-21T17:04:40.640791+00:00,2026-04-21T17:04:40.727700+00:00,success,,,a126311
iot-asis-G-0028-A25B0B,iot,as-is,G,2026-04-21T17:04:40.830476+00:00,2026-04-21T17:04:40.934360+00:00,success,,,a126311
iot-asis-G-0029-A4F889,iot,as-is,G,2026-04-21T17:04:41.037545+00:00,2026-04-21T17:04:41.118285+00:00,success,,,a126311
iot-asis-G-0030-57ADE1,iot,as-is,G,2026-04-21T17:04:41.220735+00:00,2026-04-21T17:04:41.309752+00:00,success,,,a126311
iot-asis-G-0031-575BE6,iot,as-is,G,2026-04-21T17:04:41.412039+00:00,2026-04-21T17:04:41.485236+00:00,success,,,a126311
iot-asis-G-0032-9B5046,iot,as-is,G,2026-04-21T17:04:41.587269+00:00,2026-04-21T17:04:41.680719+00:00,success,,,a126311
iot-asis-G-0033-48DD90,iot,as-is,G,2026-04-21T17:04:41.782677+00:00,2026-04-21T17:04:41.866421+00:00,success,,,a126311
iot-asis-G-0034-A93E11,iot,as-is,G,2026-04-21T17:04:41.969537+00:00,2026-04-21T17:04:42.046111+00:00,success,,,a126311
iot-asis-G-0035-7D007D,iot,as-is,G,2026-04-21T17:04:42.149878+00:00,2026-04-21T17:04:42.246925+00:00,success,,,a126311
iot-asis-G-0036-64027B,iot,as-is,G,2026-04-21T17:04:42.349854+00:00,2026-04-21T17:04:42.444722+00:00,success,,,a126311
iot-asis-G-0037-91CF7F,iot,as-is,G,2026-04-21T17:04:42.546340+00:00,2026-04-21T17:04:42.615123+00:00,success,,,a126311
iot-asis-G-0038-6BCD75,iot,as-is,G,2026-04-21T17:04:42.717486+00:00,2026-04-21T17:04:42.812465+00:00,success,,,a126311
iot-asis-G-0039-736168,iot,as-is,G,2026-04-21T17:04:42.915210+00:00,2026-04-21T17:04:42.989734+00:00,success,,,a126311
iot-asis-G-0040-F880CE,iot,as-is,G,2026-04-21T17:04:43.092889+00:00,2026-04-21T17:04:43.182527+00:00,success,,,a126311
iot-asis-G-0041-EC0C47,iot,as-is,G,2026-04-21T17:04:43.284454+00:00,2026-04-21T17:04:43.351848+00:00,success,,,a126311
iot-asis-G-0042-ABD896,iot,as-is,G,2026-04-21T17:04:43.453995+00:00,2026-04-21T17:04:43.523707+00:00,success,,,a126311
iot-asis-G-0043-6C7CF5,iot,as-is,G,2026-04-21T17:04:43.625839+00:00,2026-04-21T17:04:43.705400+00:00,success,,,a126311
iot-asis-G-0044-FD8DF4,iot,as-is,G,2026-04-21T17:04:43.807335+00:00,2026-04-21T17:04:43.897432+00:00,success,,,a126311
iot-asis-G-0045-B20639,iot,as-is,G,2026-04-21T17:04:44.000306+00:00,2026-04-21T17:04:44.083845+00:00,success,,,a126311
iot-asis-G-0046-456F1E,iot,as-is,G,2026-04-21T17:04:44.186425+00:00,2026-04-21T17:04:44.266297+00:00,success,,,a126311
iot-asis-G-0047-310436,iot,as-is,G,2026-04-21T17:04:44.368661+00:00,2026-04-21T17:04:44.454671+00:00,success,,,a126311
iot-asis-G-0048-95E582,iot,as-is,G,2026-04-21T17:04:44.557179+00:00,2026-04-21T17:04:44.625579+00:00,success,,,a126311
iot-asis-G-0049-4E0AF6,iot,as-is,G,2026-04-21T17:04:44.727501+00:00,2026-04-21T17:04:44.797094+00:00,success,,,a126311
iot-asis-G-0050-441DE6,iot,as-is,G,2026-04-21T17:04:44.899691+00:00,2026-04-21T17:04:44.990657+00:00,success,,,a126311
iot-asis-G-0051-85B5AB,iot,as-is,G,2026-04-21T17:04:45.093192+00:00,2026-04-21T17:04:45.169731+00:00,success,,,a126311
iot-asis-G-0052-04BF36,iot,as-is,G,2026-04-21T17:04:45.271469+00:00,2026-04-21T17:04:45.362583+00:00,success,,,a126311
iot-asis-G-0053-DE8570,iot,as-is,G,2026-04-21T17:04:45.465159+00:00,2026-04-21T17:04:45.551853+00:00,success,,,a126311
iot-asis-G-0054-D40F91,iot,as-is,G,2026-04-21T17:04:45.654462+00:00,2026-04-21T17:04:45.752643+00:00,success,,,a126311
iot-asis-G-0055-5A0C66,iot,as-is,G,2026-04-21T17:04:45.855190+00:00,2026-04-21T17:04:45.943185+00:00,success,,,a126311
iot-asis-G-0056-23FF4F,iot,as-is,G,2026-04-21T17:04:46.045299+00:00,2026-04-21T17:04:46.128840+00:00,success,,,a126311
iot-asis-G-0057-13802F,iot,as-is,G,2026-04-21T17:04:46.230961+00:00,2026-04-21T17:04:46.301399+00:00,success,,,a126311
iot-asis-G-0058-4D8F93,iot,as-is,G,2026-04-21T17:04:46.403708+00:00,2026-04-21T17:04:46.498121+00:00,success,,,a126311
iot-asis-G-0059-B6307B,iot,as-is,G,2026-04-21T17:04:46.599619+00:00,2026-04-21T17:04:46.685545+00:00,success,,,a126311
iot-asis-G-0060-1A4F49,iot,as-is,G,2026-04-21T17:04:46.787480+00:00,2026-04-21T17:04:46.854508+00:00,success,,,a126311
iot-asis-G-0061-376FD7,iot,as-is,G,2026-04-21T17:04:46.956405+00:00,2026-04-21T17:04:47.041645+00:00,success,,,a126311
iot-asis-G-0062-DB74F6,iot,as-is,G,2026-04-21T17:04:47.143666+00:00,2026-04-21T17:04:47.225597+00:00,success,,,a126311
iot-asis-G-0063-D3DDF0,iot,as-is,G,2026-04-21T17:04:47.328031+00:00,2026-04-21T17:04:47.396277+00:00,success,,,a126311
iot-asis-G-0064-3F02AF,iot,as-is,G,2026-04-21T17:04:47.498491+00:00,2026-04-21T17:04:47.566536+00:00,success,,,a126311
iot-asis-G-0065-F10F77,iot,as-is,G,2026-04-21T17:04:47.669688+00:00,2026-04-21T17:04:47.736235+00:00,success,,,a126311
iot-asis-G-0066-202BAC,iot,as-is,G,2026-04-21T17:04:47.839351+00:00,2026-04-21T17:04:47.911779+00:00,success,,,a126311
iot-asis-G-0067-354031,iot,as-is,G,2026-04-21T17:04:48.014417+00:00,2026-04-21T17:04:48.084917+00:00,success,,,a126311
iot-asis-G-0068-582BB6,iot,as-is,G,2026-04-21T17:04:48.187245+00:00,2026-04-21T17:04:48.258141+00:00,success,,,a126311
iot-asis-G-0069-404EC4,iot,as-is,G,2026-04-21T17:04:48.360912+00:00,2026-04-21T17:04:48.451570+00:00,success,,,a126311
iot-asis-G-0070-87B705,iot,as-is,G,2026-04-21T17:04:48.553540+00:00,2026-04-21T17:04:48.636459+00:00,success,,,a126311
iot-asis-G-0071-8C3003,iot,as-is,G,2026-04-21T17:04:48.738608+00:00,2026-04-21T17:04:48.818670+00:00,success,,,a126311
iot-asis-G-0072-E4F090,iot,as-is,G,2026-04-21T17:04:48.920147+00:00,2026-04-21T17:04:49.007314+00:00,success,,,a126311
iot-asis-G-0073-597595,iot,as-is,G,2026-04-21T17:04:49.109583+00:00,2026-04-21T17:04:49.184168+00:00,success,,,a126311
iot-asis-G-0074-978B52,iot,as-is,G,2026-04-21T17:04:49.286511+00:00,2026-04-21T17:04:49.370052+00:00,success,,,a126311
iot-asis-G-0075-E3C056,iot,as-is,G,2026-04-21T17:04:49.472679+00:00,2026-04-21T17:04:49.543747+00:00,success,,,a126311
iot-asis-G-0076-28BE63,iot,as-is,G,2026-04-21T17:04:49.646146+00:00,2026-04-21T17:04:49.727114+00:00,success,,,a126311
iot-asis-G-0077-629FA3,iot,as-is,G,2026-04-21T17:04:49.829578+00:00,2026-04-21T17:04:49.905235+00:00,success,,,a126311
iot-asis-G-0078-09F7A4,iot,as-is,G,2026-04-21T17:04:50.007736+00:00,2026-04-21T17:04:50.083737+00:00,success,,,a126311
iot-asis-G-0079-FCC884,iot,as-is,G,2026-04-21T17:04:50.186711+00:00,2026-04-21T17:04:50.281027+00:00,success,,,a126311
iot-asis-G-0080-967B8F,iot,as-is,G,2026-04-21T17:04:50.382892+00:00,2026-04-21T17:04:50.449432+00:00,success,,,a126311
iot-asis-G-0081-702FB0,iot,as-is,G,2026-04-21T17:04:50.551553+00:00,2026-04-21T17:04:50.635959+00:00,success,,,a126311
iot-asis-G-0082-F66EE5,iot,as-is,G,2026-04-21T17:04:50.738396+00:00,2026-04-21T17:04:50.839493+00:00,success,,,a126311
iot-asis-G-0083-F709B3,iot,as-is,G,2026-04-21T17:04:50.942091+00:00,2026-04-21T17:04:51.009705+00:00,success,,,a126311
iot-asis-G-0084-1E2289,iot,as-is,G,2026-04-21T17:04:51.111292+00:00,2026-04-21T17:04:51.178422+00:00,success,,,a126311
iot-asis-G-0085-6C5ED6,iot,as-is,G,2026-04-21T17:04:51.280435+00:00,2026-04-21T17:04:51.361168+00:00,success,,,a126311
iot-asis-G-0086-6D6645,iot,as-is,G,2026-04-21T17:04:51.463658+00:00,2026-04-21T17:04:51.560707+00:00,success,,,a126311
iot-asis-G-0087-B1B5F0,iot,as-is,G,2026-04-21T17:04:51.662837+00:00,2026-04-21T17:04:51.744663+00:00,success,,,a126311
iot-asis-G-0088-70AA46,iot,as-is,G,2026-04-21T17:04:51.846956+00:00,2026-04-21T17:04:51.937175+00:00,success,,,a126311
iot-asis-G-0089-DE399A,iot,as-is,G,2026-04-21T17:04:52.039544+00:00,2026-04-21T17:04:52.112955+00:00,success,,,a126311
iot-asis-G-0090-9AEE6A,iot,as-is,G,2026-04-21T17:04:52.215571+00:00,2026-04-21T17:04:52.306951+00:00,success,,,a126311
iot-asis-G-0091-33D2A5,iot,as-is,G,2026-04-21T17:04:52.409297+00:00,2026-04-21T17:04:52.499243+00:00,success,,,a126311
iot-asis-G-0092-D7431D,iot,as-is,G,2026-04-21T17:04:52.603007+00:00,2026-04-21T17:04:52.688936+00:00,success,,,a126311
iot-asis-G-0093-BCC822,iot,as-is,G,2026-04-21T17:04:52.792306+00:00,2026-04-21T17:04:52.866915+00:00,success,,,a126311
iot-asis-G-0094-4AC3E0,iot,as-is,G,2026-04-21T17:04:52.969599+00:00,2026-04-21T17:04:53.027436+00:00,success,,,a126311
iot-asis-G-0095-AFA0FD,iot,as-is,G,2026-04-21T17:04:53.130620+00:00,2026-04-21T17:04:53.198911+00:00,success,,,a126311
iot-asis-G-0096-09C39D,iot,as-is,G,2026-04-21T17:04:53.301444+00:00,2026-04-21T17:04:53.380811+00:00,success,,,a126311
iot-asis-G-0097-F6BA08,iot,as-is,G,2026-04-21T17:04:53.482912+00:00,2026-04-21T17:04:53.554272+00:00,success,,,a126311
iot-asis-G-0098-6A9713,iot,as-is,G,2026-04-21T17:04:53.657048+00:00,2026-04-21T17:04:53.743788+00:00,success,,,a126311
iot-asis-G-0099-97C40C,iot,as-is,G,2026-04-21T17:04:53.846078+00:00,2026-04-21T17:04:53.920433+00:00,success,,,a126311
iot-asis-G-0100-AEBDEF,iot,as-is,G,2026-04-21T17:04:54.022165+00:00,2026-04-21T17:04:54.114146+00:00,success,,,a126311
iot-asis-G-0101-9BB84E,iot,as-is,G,2026-04-21T17:04:54.216515+00:00,2026-04-21T17:04:54.285490+00:00,success,,,a126311
iot-asis-G-0102-A9A5D0,iot,as-is,G,2026-04-21T17:04:54.389516+00:00,2026-04-21T17:04:54.470426+00:00,success,,,a126311
iot-asis-G-0103-1957EF,iot,as-is,G,2026-04-21T17:04:54.572698+00:00,2026-04-21T17:04:54.654821+00:00,success,,,a126311
iot-asis-G-0104-B0878A,iot,as-is,G,2026-04-21T17:04:54.756920+00:00,2026-04-21T17:04:54.807004+00:00,success,,,a126311
iot-asis-G-0105-BADF37,iot,as-is,G,2026-04-21T17:04:54.910146+00:00,2026-04-21T17:04:54.995384+00:00,success,,,a126311
iot-asis-G-0106-B94979,iot,as-is,G,2026-04-21T17:04:55.097451+00:00,2026-04-21T17:04:55.184462+00:00,success,,,a126311
iot-asis-G-0107-97700E,iot,as-is,G,2026-04-21T17:04:55.286512+00:00,2026-04-21T17:04:55.367689+00:00,success,,,a126311
iot-asis-G-0108-F37D65,iot,as-is,G,2026-04-21T17:04:55.469779+00:00,2026-04-21T17:04:55.549897+00:00,success,,,a126311
iot-asis-G-0109-35955F,iot,as-is,G,2026-04-21T17:04:55.652682+00:00,2026-04-21T17:04:55.724752+00:00,success,,,a126311
iot-asis-G-0110-627928,iot,as-is,G,2026-04-21T17:04:55.827197+00:00,2026-04-21T17:04:55.913214+00:00,success,,,a126311
iot-asis-G-0111-14B93C,iot,as-is,G,2026-04-21T17:04:56.015003+00:00,2026-04-21T17:04:56.085358+00:00,success,,,a126311
iot-asis-G-0112-20B324,iot,as-is,G,2026-04-21T17:04:56.187718+00:00,2026-04-21T17:04:56.268876+00:00,success,,,a126311
iot-asis-G-0113-5C5FDD,iot,as-is,G,2026-04-21T17:04:56.371103+00:00,2026-04-21T17:04:56.439595+00:00,success,,,a126311
iot-asis-G-0114-57C789,iot,as-is,G,2026-04-21T17:04:56.542278+00:00,2026-04-21T17:04:56.617211+00:00,success,,,a126311
iot-asis-G-0115-C8D6EE,iot,as-is,G,2026-04-21T17:04:56.718730+00:00,2026-04-21T17:04:56.805185+00:00,success,,,a126311
iot-asis-G-0116-3946F1,iot,as-is,G,2026-04-21T17:04:56.908003+00:00,2026-04-21T17:04:56.988886+00:00,success,,,a126311
iot-asis-G-0117-2B5719,iot,as-is,G,2026-04-21T17:04:57.091361+00:00,2026-04-21T17:04:57.170896+00:00,success,,,a126311
iot-asis-G-0118-706E7C,iot,as-is,G,2026-04-21T17:04:57.273189+00:00,2026-04-21T17:04:57.363508+00:00,success,,,a126311
iot-asis-G-0119-974BEC,iot,as-is,G,2026-04-21T17:04:57.465740+00:00,2026-04-21T17:04:57.507329+00:00,success,,,a126311
iot-asis-G-0120-195D4C,iot,as-is,G,2026-04-21T17:04:57.610315+00:00,2026-04-21T17:04:57.702523+00:00,success,,,a126311
iot-asis-G-0121-C7F35E,iot,as-is,G,2026-04-21T17:04:57.804211+00:00,2026-04-21T17:04:57.911186+00:00,success,,,a126311
iot-asis-G-0122-412030,iot,as-is,G,2026-04-21T17:04:58.013008+00:00,2026-04-21T17:04:58.083069+00:00,success,,,a126311
iot-asis-G-0123-796022,iot,as-is,G,2026-04-21T17:04:58.185190+00:00,2026-04-21T17:04:58.253563+00:00,success,,,a126311
iot-asis-G-0124-8D4273,iot,as-is,G,2026-04-21T17:04:58.355889+00:00,2026-04-21T17:04:58.423943+00:00,success,,,a126311
iot-asis-G-0125-A7142C,iot,as-is,G,2026-04-21T17:04:58.526352+00:00,2026-04-21T17:04:58.600456+00:00,success,,,a126311
iot-asis-G-0126-F130F6,iot,as-is,G,2026-04-21T17:04:58.702442+00:00,2026-04-21T17:04:58.779546+00:00,success,,,a126311
iot-asis-G-0127-6F95B3,iot,as-is,G,2026-04-21T17:04:58.881945+00:00,2026-04-21T17:04:58.966906+00:00,success,,,a126311
iot-asis-G-0128-E4ACE4,iot,as-is,G,2026-04-21T17:04:59.069618+00:00,2026-04-21T17:04:59.145585+00:00,success,,,a126311
iot-asis-G-0129-F2BA9F,iot,as-is,G,2026-04-21T17:04:59.247426+00:00,2026-04-21T17:04:59.326154+00:00,success,,,a126311
iot-asis-G-0130-B46227,iot,as-is,G,2026-04-21T17:04:59.428206+00:00,2026-04-21T17:04:59.511749+00:00,success,,,a126311
iot-asis-G-0131-1FF4F5,iot,as-is,G,2026-04-21T17:04:59.613797+00:00,2026-04-21T17:04:59.691731+00:00,success,,,a126311
iot-asis-G-0132-608EFA,iot,as-is,G,2026-04-21T17:04:59.793560+00:00,2026-04-21T17:04:59.867592+00:00,success,,,a126311
iot-asis-G-0133-349A44,iot,as-is,G,2026-04-21T17:04:59.970898+00:00,2026-04-21T17:05:00.067950+00:00,success,,,a126311
iot-asis-G-0134-373F96,iot,as-is,G,2026-04-21T17:05:00.170506+00:00,2026-04-21T17:05:00.260766+00:00,success,,,a126311
iot-asis-G-0135-B37789,iot,as-is,G,2026-04-21T17:05:00.362631+00:00,2026-04-21T17:05:00.430744+00:00,success,,,a126311
iot-asis-G-0136-25EDF7,iot,as-is,G,2026-04-21T17:05:00.532923+00:00,2026-04-21T17:05:00.611724+00:00,success,,,a126311
iot-asis-G-0137-0048C4,iot,as-is,G,2026-04-21T17:05:00.713816+00:00,2026-04-21T17:05:00.785970+00:00,success,,,a126311
iot-asis-G-0138-955A80,iot,as-is,G,2026-04-21T17:05:00.888124+00:00,2026-04-21T17:05:00.955186+00:00,success,,,a126311
iot-asis-G-0139-D9732E,iot,as-is,G,2026-04-21T17:05:01.057234+00:00,2026-04-21T17:05:01.143325+00:00,success,,,a126311
iot-asis-G-0140-6FEBA0,iot,as-is,G,2026-04-21T17:05:01.245216+00:00,2026-04-21T17:05:01.312232+00:00,success,,,a126311
iot-asis-G-0141-39E301,iot,as-is,G,2026-04-21T17:05:01.415988+00:00,2026-04-21T17:05:01.485508+00:00,success,,,a126311
iot-asis-G-0142-429988,iot,as-is,G,2026-04-21T17:05:01.587870+00:00,2026-04-21T17:05:01.697745+00:00,success,,,a126311
iot-asis-G-0143-B2906B,iot,as-is,G,2026-04-21T17:05:01.800320+00:00,2026-04-21T17:05:01.891919+00:00,success,,,a126311
iot-asis-G-0144-AD24DB,iot,as-is,G,2026-04-21T17:05:01.993839+00:00,2026-04-21T17:05:02.078565+00:00,success,,,a126311
iot-asis-G-0145-24CD5E,iot,as-is,G,2026-04-21T17:05:02.181934+00:00,2026-04-21T17:05:02.295832+00:00,success,,,a126311
iot-asis-G-0146-0DE537,iot,as-is,G,2026-04-21T17:05:02.398575+00:00,2026-04-21T17:05:02.478331+00:00,success,,,a126311
iot-asis-G-0147-85CA30,iot,as-is,G,2026-04-21T17:05:02.580812+00:00,2026-04-21T17:05:02.661559+00:00,success,,,a126311
iot-asis-G-0148-37F10D,iot,as-is,G,2026-04-21T17:05:02.763526+00:00,2026-04-21T17:05:02.834496+00:00,success,,,a126311
iot-asis-G-0149-A9CAB9,iot,as-is,G,2026-04-21T17:05:02.936256+00:00,2026-04-21T17:05:03.007400+00:00,success,,,a126311
iot-asis-G-0150-DD8298,iot,as-is,G,2026-04-21T17:05:03.109113+00:00,2026-04-21T17:05:03.184445+00:00,success,,,a126311
iot-asis-G-0151-DA69AD,iot,as-is,G,2026-04-21T17:05:03.287429+00:00,2026-04-21T17:05:03.368391+00:00,success,,,a126311
iot-asis-G-0152-BBA2BC,iot,as-is,G,2026-04-21T17:05:03.470635+00:00,2026-04-21T17:05:03.543665+00:00,success,,,a126311
iot-asis-G-0153-95E36B,iot,as-is,G,2026-04-21T17:05:03.645691+00:00,2026-04-21T17:05:03.725704+00:00,success,,,a126311
iot-asis-G-0154-1B47EA,iot,as-is,G,2026-04-21T17:05:03.827629+00:00,2026-04-21T17:05:03.899004+00:00,success,,,a126311
iot-asis-G-0155-1E70C4,iot,as-is,G,2026-04-21T17:05:04.001050+00:00,2026-04-21T17:05:04.098754+00:00,success,,,a126311
iot-asis-G-0156-D46404,iot,as-is,G,2026-04-21T17:05:04.201506+00:00,2026-04-21T17:05:04.276396+00:00,success,,,a126311
iot-asis-G-0157-62E053,iot,as-is,G,2026-04-21T17:05:04.379045+00:00,2026-04-21T17:05:04.457402+00:00,success,,,a126311
iot-asis-G-0158-E85ABD,iot,as-is,G,2026-04-21T17:05:04.559376+00:00,2026-04-21T17:05:04.648093+00:00,success,,,a126311
iot-asis-G-0159-56D74C,iot,as-is,G,2026-04-21T17:05:04.750237+00:00,2026-04-21T17:05:04.834632+00:00,success,,,a126311
iot-asis-G-0160-79A137,iot,as-is,G,2026-04-21T17:05:04.937237+00:00,2026-04-21T17:05:05.014762+00:00,success,,,a126311
iot-asis-G-0161-9076A3,iot,as-is,G,2026-04-21T17:05:05.116855+00:00,2026-04-21T17:05:05.202685+00:00,success,,,a126311
iot-asis-G-0162-3F83C5,iot,as-is,G,2026-04-21T17:05:05.304787+00:00,2026-04-21T17:05:05.371862+00:00,success,,,a126311
iot-asis-G-0163-1EEA65,iot,as-is,G,2026-04-21T17:05:05.474521+00:00,2026-04-21T17:05:05.564442+00:00,success,,,a126311
iot-asis-G-0164-B68715,iot,as-is,G,2026-04-21T17:05:05.666637+00:00,2026-04-21T17:05:05.750512+00:00,success,,,a126311
iot-asis-G-0165-8C5A14,iot,as-is,G,2026-04-21T17:05:05.852484+00:00,2026-04-21T17:05:05.921695+00:00,success,,,a126311
iot-asis-G-0166-4E38BD,iot,as-is,G,2026-04-21T17:05:06.024308+00:00,2026-04-21T17:05:06.108724+00:00,success,,,a126311
iot-asis-G-0167-83251F,iot,as-is,G,2026-04-21T17:05:06.210956+00:00,2026-04-21T17:05:06.309766+00:00,success,,,a126311
iot-asis-G-0168-77B124,iot,as-is,G,2026-04-21T17:05:06.411623+00:00,2026-04-21T17:05:06.490552+00:00,success,,,a126311
iot-asis-G-0169-C86229,iot,as-is,G,2026-04-21T17:05:06.592911+00:00,2026-04-21T17:05:06.702944+00:00,success,,,a126311
iot-asis-G-0170-66112B,iot,as-is,G,2026-04-21T17:05:06.804857+00:00,2026-04-21T17:05:06.905936+00:00,success,,,a126311
iot-asis-G-0171-B5EDA7,iot,as-is,G,2026-04-21T17:05:07.007992+00:00,2026-04-21T17:05:07.128652+00:00,success,,,a126311
iot-asis-G-0172-69736F,iot,as-is,G,2026-04-21T17:05:07.231618+00:00,2026-04-21T17:05:07.312444+00:00,success,,,a126311
iot-asis-G-0173-484C55,iot,as-is,G,2026-04-21T17:05:07.415275+00:00,2026-04-21T17:05:07.496174+00:00,success,,,a126311
iot-asis-G-0174-0CC4EC,iot,as-is,G,2026-04-21T17:05:07.598498+00:00,2026-04-21T17:05:07.672196+00:00,success,,,a126311
iot-asis-G-0175-A7A776,iot,as-is,G,2026-04-21T17:05:07.774323+00:00,2026-04-21T17:05:07.868774+00:00,success,,,a126311
iot-asis-G-0176-0ACBCC,iot,as-is,G,2026-04-21T17:05:07.972755+00:00,2026-04-21T17:05:08.064004+00:00,success,,,a126311
iot-asis-G-0177-AE6DD0,iot,as-is,G,2026-04-21T17:05:08.165491+00:00,2026-04-21T17:05:08.234408+00:00,success,,,a126311
iot-asis-G-0178-24780B,iot,as-is,G,2026-04-21T17:05:08.336543+00:00,2026-04-21T17:05:08.411955+00:00,success,,,a126311
iot-asis-G-0179-579C72,iot,as-is,G,2026-04-21T17:05:08.514272+00:00,2026-04-21T17:05:08.607839+00:00,success,,,a126311
iot-asis-G-0180-393419,iot,as-is,G,2026-04-21T17:05:08.710754+00:00,2026-04-21T17:05:08.782453+00:00,success,,,a126311
iot-asis-G-0181-434941,iot,as-is,G,2026-04-21T17:05:08.884159+00:00,2026-04-21T17:05:08.956893+00:00,success,,,a126311
iot-asis-G-0182-C9CD16,iot,as-is,G,2026-04-21T17:05:09.059585+00:00,2026-04-21T17:05:09.149455+00:00,success,,,a126311
iot-asis-G-0183-B2349C,iot,as-is,G,2026-04-21T17:05:09.254401+00:00,2026-04-21T17:05:09.327853+00:00,success,,,a126311
iot-asis-G-0184-D2256F,iot,as-is,G,2026-04-21T17:05:09.430049+00:00,2026-04-21T17:05:09.513805+00:00,success,,,a126311
iot-asis-G-0185-669600,iot,as-is,G,2026-04-21T17:05:09.615731+00:00,2026-04-21T17:05:09.706162+00:00,success,,,a126311
iot-asis-G-0186-BFB0FE,iot,as-is,G,2026-04-21T17:05:09.807926+00:00,2026-04-21T17:05:09.896806+00:00,success,,,a126311
iot-asis-G-0187-3A2D21,iot,as-is,G,2026-04-21T17:05:09.999355+00:00,2026-04-21T17:05:10.078497+00:00,success,,,a126311
iot-asis-G-0188-3176A4,iot,as-is,G,2026-04-21T17:05:10.181641+00:00,2026-04-21T17:05:10.268397+00:00,success,,,a126311
iot-asis-G-0189-93523A,iot,as-is,G,2026-04-21T17:05:10.370440+00:00,2026-04-21T17:05:10.449849+00:00,success,,,a126311
iot-asis-G-0190-A42643,iot,as-is,G,2026-04-21T17:05:10.551861+00:00,2026-04-21T17:05:10.639469+00:00,success,,,a126311
iot-asis-G-0191-6077BD,iot,as-is,G,2026-04-21T17:05:10.741396+00:00,2026-04-21T17:05:10.811061+00:00,success,,,a126311
iot-asis-G-0192-7B8429,iot,as-is,G,2026-04-21T17:05:10.913348+00:00,2026-04-21T17:05:10.999219+00:00,success,,,a126311
iot-asis-G-0193-61533E,iot,as-is,G,2026-04-21T17:05:11.100860+00:00,2026-04-21T17:05:11.170713+00:00,success,,,a126311
iot-asis-G-0194-719AFA,iot,as-is,G,2026-04-21T17:05:11.273413+00:00,2026-04-21T17:05:11.351532+00:00,success,,,a126311
iot-asis-G-0195-F67F5D,iot,as-is,G,2026-04-21T17:05:11.453273+00:00,2026-04-21T17:05:11.524882+00:00,success,,,a126311
iot-asis-G-0196-7024AA,iot,as-is,G,2026-04-21T17:05:11.627272+00:00,2026-04-21T17:05:11.694523+00:00,success,,,a126311
iot-asis-G-0197-BEF1F1,iot,as-is,G,2026-04-21T17:05:11.796540+00:00,2026-04-21T17:05:11.880654+00:00,success,,,a126311
iot-asis-G-0198-F07B60,iot,as-is,G,2026-04-21T17:05:11.982337+00:00,2026-04-21T17:05:12.072721+00:00,success,,,a126311
iot-asis-G-0199-0E8A90,iot,as-is,G,2026-04-21T17:05:12.174770+00:00,2026-04-21T17:05:12.247128+00:00,success,,,a126311
iot-asis-I-0000-2A545F,iot,as-is,I,2026-04-21T17:05:12.372343+00:00,2026-04-21T17:05:12.475490+00:00,success,,,a126311
iot-asis-I-0001-D87DD3,iot,as-is,I,2026-04-21T17:05:12.777950+00:00,2026-04-21T17:05:12.845610+00:00,success,,,a126311
iot-asis-I-0002-48DAC2,iot,as-is,I,2026-04-21T17:05:13.146537+00:00,2026-04-21T17:05:13.216057+00:00,success,,,a126311
iot-asis-I-0003-886314,iot,as-is,I,2026-04-21T17:05:13.516094+00:00,2026-04-21T17:05:13.590790+00:00,success,,,a126311
iot-asis-I-0004-25C3D5,iot,as-is,I,2026-04-21T17:05:13.889132+00:00,2026-04-21T17:05:13.968451+00:00,success,,,a126311
iot-asis-I-0005-3271A0,iot,as-is,I,2026-04-21T17:05:14.265929+00:00,2026-04-21T17:05:14.365923+00:00,success,,,a126311
iot-asis-I-0006-3F8447,iot,as-is,I,2026-04-21T17:05:14.662004+00:00,2026-04-21T17:05:14.757992+00:00,success,,,a126311
iot-asis-I-0007-999F27,iot,as-is,I,2026-04-21T17:05:15.052416+00:00,2026-04-21T17:05:15.130504+00:00,success,,,a126311
iot-asis-I-0008-F73F8B,iot,as-is,I,2026-04-21T17:05:15.423633+00:00,2026-04-21T17:05:15.507710+00:00,success,,,a126311
iot-asis-I-0009-F1368A,iot,as-is,I,2026-04-21T17:05:15.800088+00:00,2026-04-21T17:05:15.870689+00:00,success,,,a126311
iot-asis-I-0010-972466,iot,as-is,I,2026-04-21T17:05:16.161041+00:00,2026-04-21T17:05:16.244467+00:00,success,,,a126311
iot-asis-I-0011-8E848B,iot,as-is,I,2026-04-21T17:05:16.533856+00:00,2026-04-21T17:05:16.604821+00:00,success,,,a126311
iot-asis-I-0012-25AECE,iot,as-is,I,2026-04-21T17:05:16.892510+00:00,2026-04-21T17:05:16.983894+00:00,success,,,a126311
iot-asis-I-0013-7ACD43,iot,as-is,I,2026-04-21T17:05:17.271091+00:00,2026-04-21T17:05:17.343874+00:00,success,,,a126311
iot-asis-I-0014-341D38,iot,as-is,I,2026-04-21T17:05:17.629249+00:00,2026-04-21T17:05:17.699098+00:00,success,,,a126311
iot-asis-I-0015-CFCE48,iot,as-is,I,2026-04-21T17:05:17.984147+00:00,2026-04-21T17:05:18.063239+00:00,success,,,a126311
iot-asis-I-0016-710873,iot,as-is,I,2026-04-21T17:05:18.346182+00:00,2026-04-21T17:05:18.432586+00:00,success,,,a126311
iot-asis-I-0017-9773D0,iot,as-is,I,2026-04-21T17:05:18.715018+00:00,2026-04-21T17:05:18.796145+00:00,success,,,a126311
iot-asis-I-0018-EEFAF9,iot,as-is,I,2026-04-21T17:05:19.077290+00:00,2026-04-21T17:05:19.146764+00:00,success,,,a126311
iot-asis-I-0019-DAC09E,iot,as-is,I,2026-04-21T17:05:19.426769+00:00,2026-04-21T17:05:19.519605+00:00,success,,,a126311
iot-asis-I-0020-519BD0,iot,as-is,I,2026-04-21T17:05:19.797757+00:00,2026-04-21T17:05:19.877235+00:00,success,,,a126311
iot-asis-I-0021-95741D,iot,as-is,I,2026-04-21T17:05:20.154738+00:00,2026-04-21T17:05:20.221077+00:00,success,,,a126311
iot-asis-I-0022-9ADD3B,iot,as-is,I,2026-04-21T17:05:20.497332+00:00,2026-04-21T17:05:20.572735+00:00,success,,,a126311
iot-asis-I-0023-EDDCF4,iot,as-is,I,2026-04-21T17:05:20.847893+00:00,2026-04-21T17:05:20.932044+00:00,success,,,a126311
iot-asis-I-0024-CCAF82,iot,as-is,I,2026-04-21T17:05:21.205381+00:00,2026-04-21T17:05:21.279219+00:00,success,,,a126311
iot-asis-I-0025-D5B1A0,iot,as-is,I,2026-04-21T17:05:21.551681+00:00,2026-04-21T17:05:21.622362+00:00,success,,,a126311
iot-asis-I-0026-83A816,iot,as-is,I,2026-04-21T17:05:21.893148+00:00,2026-04-21T17:05:21.969167+00:00,success,,,a126311
iot-asis-I-0027-BC7FFC,iot,as-is,I,2026-04-21T17:05:22.239386+00:00,2026-04-21T17:05:22.333137+00:00,success,,,a126311
iot-asis-I-0028-CE2A83,iot,as-is,I,2026-04-21T17:05:22.601838+00:00,2026-04-21T17:05:22.695793+00:00,success,,,a126311
iot-asis-I-0029-B73824,iot,as-is,I,2026-04-21T17:05:22.963187+00:00,2026-04-21T17:05:23.105611+00:00,success,,,a126311
iot-asis-I-0030-D6158A,iot,as-is,I,2026-04-21T17:05:23.371436+00:00,2026-04-21T17:05:23.454032+00:00,success,,,a126311
iot-asis-I-0031-A6CBF5,iot,as-is,I,2026-04-21T17:05:23.718419+00:00,2026-04-21T17:05:23.787479+00:00,success,,,a126311
iot-asis-I-0032-DEB2CB,iot,as-is,I,2026-04-21T17:05:24.050418+00:00,2026-04-21T17:05:24.124658+00:00,success,,,a126311
iot-asis-I-0033-3360E9,iot,as-is,I,2026-04-21T17:05:24.386767+00:00,2026-04-21T17:05:24.460261+00:00,success,,,a126311
iot-asis-I-0034-76EBDA,iot,as-is,I,2026-04-21T17:05:24.721667+00:00,2026-04-21T17:05:24.802889+00:00,success,,,a126311
iot-asis-I-0035-8295F9,iot,as-is,I,2026-04-21T17:05:25.062873+00:00,2026-04-21T17:05:25.131915+00:00,success,,,a126311
iot-asis-I-0036-4B8F67,iot,as-is,I,2026-04-21T17:05:25.390433+00:00,2026-04-21T17:05:25.468293+00:00,success,,,a126311
iot-asis-I-0037-E52A43,iot,as-is,I,2026-04-21T17:05:25.726301+00:00,2026-04-21T17:05:25.799528+00:00,success,,,a126311
iot-asis-I-0038-F4EC74,iot,as-is,I,2026-04-21T17:05:26.055366+00:00,2026-04-21T17:05:26.133321+00:00,success,,,a126311
iot-asis-I-0039-6EFE91,iot,as-is,I,2026-04-21T17:05:26.387977+00:00,2026-04-21T17:05:26.459560+00:00,success,,,a126311
iot-asis-I-0040-967A04,iot,as-is,I,2026-04-21T17:05:26.712191+00:00,2026-04-21T17:05:26.815139+00:00,success,,,a126311
iot-asis-I-0041-C3B338,iot,as-is,I,2026-04-21T17:05:27.067668+00:00,2026-04-21T17:05:27.153580+00:00,success,,,a126311
iot-asis-I-0042-0C49F7,iot,as-is,I,2026-04-21T17:05:27.404004+00:00,2026-04-21T17:05:27.481855+00:00,success,,,a126311
iot-asis-I-0043-A1123F,iot,as-is,I,2026-04-21T17:05:27.731066+00:00,2026-04-21T17:05:27.816354+00:00,success,,,a126311
iot-asis-I-0044-895EC1,iot,as-is,I,2026-04-21T17:05:28.064662+00:00,2026-04-21T17:05:28.134783+00:00,success,,,a126311
iot-asis-I-0045-857608,iot,as-is,I,2026-04-21T17:05:28.382052+00:00,2026-04-21T17:05:28.454767+00:00,success,,,a126311
iot-asis-I-0046-61BA27,iot,as-is,I,2026-04-21T17:05:28.700556+00:00,2026-04-21T17:05:28.771274+00:00,success,,,a126311
iot-asis-I-0047-34EF97,iot,as-is,I,2026-04-21T17:05:29.015557+00:00,2026-04-21T17:05:29.084472+00:00,success,,,a126311
iot-asis-I-0048-B76039,iot,as-is,I,2026-04-21T17:05:29.328518+00:00,2026-04-21T17:05:29.400491+00:00,success,,,a126311
iot-asis-I-0049-E7AC1A,iot,as-is,I,2026-04-21T17:05:29.642715+00:00,2026-04-21T17:05:29.729184+00:00,success,,,a126311
iot-asis-I-0050-C237A0,iot,as-is,I,2026-04-21T17:05:29.969859+00:00,2026-04-21T17:05:30.039016+00:00,success,,,a126311
iot-asis-I-0051-626B6C,iot,as-is,I,2026-04-21T17:05:30.278692+00:00,2026-04-21T17:05:30.349802+00:00,success,,,a126311
iot-asis-I-0052-15006A,iot,as-is,I,2026-04-21T17:05:30.588038+00:00,2026-04-21T17:05:30.679072+00:00,success,,,a126311
iot-asis-I-0053-771642,iot,as-is,I,2026-04-21T17:05:30.916359+00:00,2026-04-21T17:05:30.985407+00:00,success,,,a126311
iot-asis-I-0054-F09663,iot,as-is,I,2026-04-21T17:05:31.221626+00:00,2026-04-21T17:05:31.289825+00:00,success,,,a126311
iot-asis-I-0055-DE4445,iot,as-is,I,2026-04-21T17:05:31.523918+00:00,2026-04-21T17:05:31.590131+00:00,success,,,a126311
iot-asis-I-0056-2005D8,iot,as-is,I,2026-04-21T17:05:31.823717+00:00,2026-04-21T17:05:31.900058+00:00,success,,,a126311
iot-asis-I-0057-279118,iot,as-is,I,2026-04-21T17:05:32.132487+00:00,2026-04-21T17:05:32.221696+00:00,success,,,a126311
iot-asis-I-0058-A50DD0,iot,as-is,I,2026-04-21T17:05:32.452525+00:00,2026-04-21T17:05:32.544738+00:00,success,,,a126311
iot-asis-I-0059-F3D0C3,iot,as-is,I,2026-04-21T17:05:32.777242+00:00,2026-04-21T17:05:32.854082+00:00,success,,,a126311
iot-asis-I-0060-856B37,iot,as-is,I,2026-04-21T17:05:33.082781+00:00,2026-04-21T17:05:33.150163+00:00,success,,,a126311
iot-asis-I-0061-9A8C42,iot,as-is,I,2026-04-21T17:05:33.376716+00:00,2026-04-21T17:05:33.469627+00:00,success,,,a126311
iot-asis-I-0062-B2145A,iot,as-is,I,2026-04-21T17:05:33.697076+00:00,2026-04-21T17:05:33.767604+00:00,success,,,a126311
iot-asis-I-0063-272C58,iot,as-is,I,2026-04-21T17:05:33.992283+00:00,2026-04-21T17:05:34.066517+00:00,success,,,a126311
iot-asis-I-0064-BE2C1E,iot,as-is,I,2026-04-21T17:05:34.289452+00:00,2026-04-21T17:05:34.403009+00:00,success,,,a126311
iot-asis-I-0065-A15AC3,iot,as-is,I,2026-04-21T17:05:34.624102+00:00,2026-04-21T17:05:34.692047+00:00,success,,,a126311
iot-asis-I-0066-DFCC39,iot,as-is,I,2026-04-21T17:05:34.912587+00:00,2026-04-21T17:05:34.979895+00:00,success,,,a126311
iot-asis-I-0067-43AC48,iot,as-is,I,2026-04-21T17:05:35.199089+00:00,2026-04-21T17:05:35.272095+00:00,success,,,a126311
iot-asis-I-0068-A57533,iot,as-is,I,2026-04-21T17:05:35.490355+00:00,2026-04-21T17:05:35.571681+00:00,success,,,a126311
iot-asis-I-0069-BD0491,iot,as-is,I,2026-04-21T17:05:35.789274+00:00,2026-04-21T17:05:35.857210+00:00,success,,,a126311
iot-asis-I-0070-BF53B1,iot,as-is,I,2026-04-21T17:05:36.072590+00:00,2026-04-21T17:05:36.147156+00:00,success,,,a126311
iot-asis-I-0071-1E94E8,iot,as-is,I,2026-04-21T17:05:36.361232+00:00,2026-04-21T17:05:36.429531+00:00,success,,,a126311
iot-asis-I-0072-B377B4,iot,as-is,I,2026-04-21T17:05:36.642367+00:00,2026-04-21T17:05:36.711779+00:00,success,,,a126311
iot-asis-I-0073-562DCA,iot,as-is,I,2026-04-21T17:05:36.923418+00:00,2026-04-21T17:05:37.006846+00:00,success,,,a126311
iot-asis-I-0074-21E76E,iot,as-is,I,2026-04-21T17:05:37.217009+00:00,2026-04-21T17:05:37.284059+00:00,success,,,a126311
iot-asis-I-0075-DA61BC,iot,as-is,I,2026-04-21T17:05:37.493403+00:00,2026-04-21T17:05:37.564640+00:00,success,,,a126311
iot-asis-I-0076-46D43F,iot,as-is,I,2026-04-21T17:05:37.772237+00:00,2026-04-21T17:05:37.837895+00:00,success,,,a126311
iot-asis-I-0077-4E9950,iot,as-is,I,2026-04-21T17:05:38.045045+00:00,2026-04-21T17:05:38.137720+00:00,success,,,a126311
iot-asis-I-0078-CAF2EF,iot,as-is,I,2026-04-21T17:05:38.342757+00:00,2026-04-21T17:05:38.413736+00:00,success,,,a126311
iot-asis-I-0079-A9BDA3,iot,as-is,I,2026-04-21T17:05:38.618074+00:00,2026-04-21T17:05:38.695695+00:00,success,,,a126311
iot-asis-I-0080-797CF8,iot,as-is,I,2026-04-21T17:05:38.898330+00:00,2026-04-21T17:05:38.968042+00:00,success,,,a126311
iot-asis-I-0081-6E426B,iot,as-is,I,2026-04-21T17:05:39.169389+00:00,2026-04-21T17:05:39.237481+00:00,success,,,a126311
iot-asis-I-0082-405870,iot,as-is,I,2026-04-21T17:05:39.437786+00:00,2026-04-21T17:05:39.524966+00:00,success,,,a126311
iot-asis-I-0083-6D1B78,iot,as-is,I,2026-04-21T17:05:39.723657+00:00,2026-04-21T17:05:39.791506+00:00,success,,,a126311
iot-asis-I-0084-5AA856,iot,as-is,I,2026-04-21T17:05:39.990367+00:00,2026-04-21T17:05:40.059208+00:00,success,,,a126311
iot-asis-I-0085-39676A,iot,as-is,I,2026-04-21T17:05:40.256589+00:00,2026-04-21T17:05:40.327040+00:00,success,,,a126311
iot-asis-I-0086-9E8306,iot,as-is,I,2026-04-21T17:05:40.522470+00:00,2026-04-21T17:05:40.595671+00:00,success,,,a126311
iot-asis-I-0087-33EC8A,iot,as-is,I,2026-04-21T17:05:40.789612+00:00,2026-04-21T17:05:40.860649+00:00,success,,,a126311
iot-asis-I-0088-2E31EE,iot,as-is,I,2026-04-21T17:05:41.053239+00:00,2026-04-21T17:05:41.120820+00:00,success,,,a126311
iot-asis-I-0089-E8F933,iot,as-is,I,2026-04-21T17:05:41.312556+00:00,2026-04-21T17:05:41.380774+00:00,success,,,a126311
iot-asis-I-0090-403967,iot,as-is,I,2026-04-21T17:05:41.571171+00:00,2026-04-21T17:05:41.653741+00:00,success,,,a126311
iot-asis-I-0091-74414F,iot,as-is,I,2026-04-21T17:05:41.842499+00:00,2026-04-21T17:05:41.926051+00:00,success,,,a126311
iot-asis-I-0092-26008B,iot,as-is,I,2026-04-21T17:05:42.114026+00:00,2026-04-21T17:05:42.179157+00:00,success,,,a126311
iot-asis-I-0093-82AAC9,iot,as-is,I,2026-04-21T17:05:42.365733+00:00,2026-04-21T17:05:42.444691+00:00,success,,,a126311
iot-asis-I-0094-896D5F,iot,as-is,I,2026-04-21T17:05:42.630487+00:00,2026-04-21T17:05:42.720639+00:00,success,,,a126311
iot-asis-I-0095-6AFD88,iot,as-is,I,2026-04-21T17:05:42.905541+00:00,2026-04-21T17:05:42.985120+00:00,success,,,a126311
iot-asis-I-0096-76C828,iot,as-is,I,2026-04-21T17:05:43.168084+00:00,2026-04-21T17:05:43.261126+00:00,success,,,a126311
iot-asis-I-0097-8976A2,iot,as-is,I,2026-04-21T17:05:43.442733+00:00,2026-04-21T17:05:43.523254+00:00,success,,,a126311
iot-asis-I-0098-A37BB2,iot,as-is,I,2026-04-21T17:05:43.703745+00:00,2026-04-21T17:05:43.776173+00:00,success,,,a126311
iot-asis-I-0099-ADA928,iot,as-is,I,2026-04-21T17:05:43.955752+00:00,2026-04-21T17:05:44.023103+00:00,success,,,a126311
iot-asis-I-0100-0F73A6,iot,as-is,I,2026-04-21T17:05:44.200874+00:00,2026-04-21T17:05:44.266777+00:00,success,,,a126311
iot-asis-I-0101-89ED97,iot,as-is,I,2026-04-21T17:05:44.444164+00:00,2026-04-21T17:05:44.530440+00:00,success,,,a126311
iot-asis-I-0102-7F73A0,iot,as-is,I,2026-04-21T17:05:44.705652+00:00,2026-04-21T17:05:44.793255+00:00,success,,,a126311
iot-asis-I-0103-240165,iot,as-is,I,2026-04-21T17:05:44.967115+00:00,2026-04-21T17:05:45.032175+00:00,success,,,a126311
iot-asis-I-0104-D0F882,iot,as-is,I,2026-04-21T17:05:45.205064+00:00,2026-04-21T17:05:45.292547+00:00,success,,,a126311
iot-asis-I-0105-10ECCD,iot,as-is,I,2026-04-21T17:05:45.464044+00:00,2026-04-21T17:05:45.541083+00:00,success,,,a126311
iot-asis-I-0106-BB7881,iot,as-is,I,2026-04-21T17:05:45.711444+00:00,2026-04-21T17:05:45.793186+00:00,success,,,a126311
iot-asis-I-0107-AE42EE,iot,as-is,I,2026-04-21T17:05:45.962008+00:00,2026-04-21T17:05:46.039203+00:00,success,,,a126311
iot-asis-I-0108-534713,iot,as-is,I,2026-04-21T17:05:46.208065+00:00,2026-04-21T17:05:46.285320+00:00,success,,,a126311
iot-asis-I-0109-9191E7,iot,as-is,I,2026-04-21T17:05:46.451303+00:00,2026-04-21T17:05:46.538058+00:00,success,,,a126311
iot-asis-I-0110-CC9CAF,iot,as-is,I,2026-04-21T17:05:46.703541+00:00,2026-04-21T17:05:46.775930+00:00,success,,,a126311
iot-asis-I-0111-612888,iot,as-is,I,2026-04-21T17:05:46.940311+00:00,2026-04-21T17:05:47.033975+00:00,success,,,a126311
iot-asis-I-0112-22D6E3,iot,as-is,I,2026-04-21T17:05:47.197484+00:00,2026-04-21T17:05:47.288252+00:00,success,,,a126311
iot-asis-I-0113-019AC9,iot,as-is,I,2026-04-21T17:05:47.450202+00:00,2026-04-21T17:05:47.520284+00:00,success,,,a126311
iot-asis-I-0114-E71A04,iot,as-is,I,2026-04-21T17:05:47.680022+00:00,2026-04-21T17:05:47.760987+00:00,success,,,a126311
iot-asis-I-0115-7B203B,iot,as-is,I,2026-04-21T17:05:47.920767+00:00,2026-04-21T17:05:47.992975+00:00,success,,,a126311
iot-asis-I-0116-2FEB9A,iot,as-is,I,2026-04-21T17:05:48.150221+00:00,2026-04-21T17:05:48.216846+00:00,success,,,a126311
iot-asis-I-0117-073646,iot,as-is,I,2026-04-21T17:05:48.373544+00:00,2026-04-21T17:05:48.446871+00:00,success,,,a126311
iot-asis-I-0118-0123E7,iot,as-is,I,2026-04-21T17:05:48.602163+00:00,2026-04-21T17:05:48.671529+00:00,success,,,a126311
iot-asis-I-0119-70CF06,iot,as-is,I,2026-04-21T17:05:48.825258+00:00,2026-04-21T17:05:48.907038+00:00,success,,,a126311
iot-asis-I-0120-942222,iot,as-is,I,2026-04-21T17:05:49.059460+00:00,2026-04-21T17:05:49.129620+00:00,success,,,a126311
iot-asis-I-0121-03E5C1,iot,as-is,I,2026-04-21T17:05:49.281179+00:00,2026-04-21T17:05:49.348471+00:00,success,,,a126311
iot-asis-I-0122-982C82,iot,as-is,I,2026-04-21T17:05:49.498873+00:00,2026-04-21T17:05:49.576947+00:00,success,,,a126311
iot-asis-I-0123-034C71,iot,as-is,I,2026-04-21T17:05:49.726746+00:00,2026-04-21T17:05:49.795316+00:00,success,,,a126311
iot-asis-I-0124-3AA88A,iot,as-is,I,2026-04-21T17:05:49.943259+00:00,2026-04-21T17:05:50.019371+00:00,success,,,a126311
iot-asis-I-0125-92F596,iot,as-is,I,2026-04-21T17:05:50.166135+00:00,2026-04-21T17:05:50.234789+00:00,success,,,a126311
iot-asis-I-0126-D35D92,iot,as-is,I,2026-04-21T17:05:50.379492+00:00,2026-04-21T17:05:50.455539+00:00,success,,,a126311
iot-asis-I-0127-CAEC8A,iot,as-is,I,2026-04-21T17:05:50.599554+00:00,2026-04-21T17:05:50.672294+00:00,success,,,a126311
iot-asis-I-0128-88FA4C,iot,as-is,I,2026-04-21T17:05:50.815059+00:00,2026-04-21T17:05:50.882438+00:00,success,,,a126311
iot-asis-I-0129-39B9AD,iot,as-is,I,2026-04-21T17:05:51.023976+00:00,2026-04-21T17:05:51.093323+00:00,success,,,a126311
iot-asis-I-0130-4F87D9,iot,as-is,I,2026-04-21T17:05:51.233649+00:00,2026-04-21T17:05:51.302851+00:00,success,,,a126311
iot-asis-I-0131-208612,iot,as-is,I,2026-04-21T17:05:51.441964+00:00,2026-04-21T17:05:51.509560+00:00,success,,,a126311
iot-asis-I-0132-EED58A,iot,as-is,I,2026-04-21T17:05:51.647674+00:00,2026-04-21T17:05:51.718672+00:00,success,,,a126311
iot-asis-I-0133-3F1CD7,iot,as-is,I,2026-04-21T17:05:51.855263+00:00,2026-04-21T17:05:51.928355+00:00,success,,,a126311
iot-asis-I-0134-9E9868,iot,as-is,I,2026-04-21T17:05:52.063497+00:00,2026-04-21T17:05:52.143025+00:00,success,,,a126311
iot-asis-I-0135-1B92A8,iot,as-is,I,2026-04-21T17:05:52.276997+00:00,2026-04-21T17:05:52.351309+00:00,success,,,a126311
iot-asis-I-0136-610352,iot,as-is,I,2026-04-21T17:05:52.485000+00:00,2026-04-21T17:05:52.581664+00:00,success,,,a126311
iot-asis-I-0137-011CDA,iot,as-is,I,2026-04-21T17:05:52.713152+00:00,2026-04-21T17:05:52.798353+00:00,success,,,a126311
iot-asis-I-0138-E556B4,iot,as-is,I,2026-04-21T17:05:52.928783+00:00,2026-04-21T17:05:52.994844+00:00,success,,,a126311
iot-asis-I-0139-E6BDFE,iot,as-is,I,2026-04-21T17:05:53.123695+00:00,2026-04-21T17:05:53.190234+00:00,success,,,a126311
iot-asis-I-0140-BE6238,iot,as-is,I,2026-04-21T17:05:53.317884+00:00,2026-04-21T17:05:53.392080+00:00,success,,,a126311
iot-asis-I-0141-86F60E,iot,as-is,I,2026-04-21T17:05:53.519611+00:00,2026-04-21T17:05:53.591854+00:00,success,,,a126311
iot-asis-I-0142-604270,iot,as-is,I,2026-04-21T17:05:53.716632+00:00,2026-04-21T17:05:53.789522+00:00,success,,,a126311
iot-asis-I-0143-3BA493,iot,as-is,I,2026-04-21T17:05:53.913295+00:00,2026-04-21T17:05:53.988614+00:00,success,,,a126311
iot-asis-I-0144-B1A9FC,iot,as-is,I,2026-04-21T17:05:54.111626+00:00,2026-04-21T17:05:54.179764+00:00,success,,,a126311
iot-asis-I-0145-05A7EA,iot,as-is,I,2026-04-21T17:05:54.300927+00:00,2026-04-21T17:05:54.396122+00:00,success,,,a126311
iot-asis-I-0146-FD6C81,iot,as-is,I,2026-04-21T17:05:54.516136+00:00,2026-04-21T17:05:54.609387+00:00,success,,,a126311
iot-asis-I-0147-9DFFFC,iot,as-is,I,2026-04-21T17:05:54.731195+00:00,2026-04-21T17:05:54.807649+00:00,success,,,a126311
iot-asis-I-0148-D4790F,iot,as-is,I,2026-04-21T17:05:54.926501+00:00,2026-04-21T17:05:55.013514+00:00,success,,,a126311
iot-asis-I-0149-8CE3A2,iot,as-is,I,2026-04-21T17:05:55.130531+00:00,2026-04-21T17:05:55.217875+00:00,success,,,a126311
iot-asis-I-0150-BDF5D9,iot,as-is,I,2026-04-21T17:05:55.332570+00:00,2026-04-21T17:05:55.400227+00:00,success,,,a126311
iot-asis-I-0151-9A27E7,iot,as-is,I,2026-04-21T17:05:55.513988+00:00,2026-04-21T17:05:55.598340+00:00,success,,,a126311
iot-asis-I-0152-DAE66B,iot,as-is,I,2026-04-21T17:05:55.710850+00:00,2026-04-21T17:05:55.777785+00:00,success,,,a126311
iot-asis-I-0153-574F69,iot,as-is,I,2026-04-21T17:05:55.888877+00:00,2026-04-21T17:05:55.957129+00:00,success,,,a126311
iot-asis-I-0154-889DD3,iot,as-is,I,2026-04-21T17:05:56.067918+00:00,2026-04-21T17:05:56.157600+00:00,success,,,a126311
iot-asis-I-0155-E3522B,iot,as-is,I,2026-04-21T17:05:56.266014+00:00,2026-04-21T17:05:56.334682+00:00,success,,,a126311
iot-asis-I-0156-EABF24,iot,as-is,I,2026-04-21T17:05:56.442868+00:00,2026-04-21T17:05:56.507387+00:00,success,,,a126311
iot-asis-I-0157-8F7DF1,iot,as-is,I,2026-04-21T17:05:56.613125+00:00,2026-04-21T17:05:56.702313+00:00,success,,,a126311
iot-asis-I-0158-257719,iot,as-is,I,2026-04-21T17:05:56.807066+00:00,2026-04-21T17:05:56.873620+00:00,success,,,a126311
iot-asis-I-0159-1CCD9C,iot,as-is,I,2026-04-21T17:05:56.977090+00:00,2026-04-21T17:05:57.059479+00:00,success,,,a126311
iot-asis-I-0160-387612,iot,as-is,I,2026-04-21T17:05:57.161798+00:00,2026-04-21T17:05:57.231228+00:00,success,,,a126311
iot-asis-I-0161-81D5E5,iot,as-is,I,2026-04-21T17:05:57.332000+00:00,2026-04-21T17:05:57.411803+00:00,success,,,a126311
iot-asis-I-0162-A8276D,iot,as-is,I,2026-04-21T17:05:57.511846+00:00,2026-04-21T17:05:57.579771+00:00,success,,,a126311
iot-asis-I-0163-3F4BAD,iot,as-is,I,2026-04-21T17:05:57.678436+00:00,2026-04-21T17:05:57.751611+00:00,success,,,a126311
iot-asis-I-0164-E9D75C,iot,as-is,I,2026-04-21T17:05:57.848867+00:00,2026-04-21T17:05:57.921122+00:00,success,,,a126311
iot-asis-I-0165-9DB28D,iot,as-is,I,2026-04-21T17:05:58.017489+00:00,2026-04-21T17:05:58.088608+00:00,success,,,a126311
iot-asis-I-0166-7FABAD,iot,as-is,I,2026-04-21T17:05:58.184064+00:00,2026-04-21T17:05:58.251006+00:00,success,,,a126311
iot-asis-I-0167-8E2FF9,iot,as-is,I,2026-04-21T17:05:58.344410+00:00,2026-04-21T17:05:58.414203+00:00,success,,,a126311
iot-asis-I-0168-2EE238,iot,as-is,I,2026-04-21T17:05:58.506738+00:00,2026-04-21T17:05:58.586749+00:00,success,,,a126311
iot-asis-I-0169-5EEF6E,iot,as-is,I,2026-04-21T17:05:58.681076+00:00,2026-04-21T17:05:58.791469+00:00,success,,,a126311
iot-asis-I-0170-71C05E,iot,as-is,I,2026-04-21T17:05:58.881368+00:00,2026-04-21T17:05:58.963150+00:00,success,,,a126311
iot-asis-I-0171-9EC733,iot,as-is,I,2026-04-21T17:05:59.051859+00:00,2026-04-21T17:05:59.132326+00:00,success,,,a126311
iot-asis-I-0172-092E42,iot,as-is,I,2026-04-21T17:05:59.219934+00:00,2026-04-21T17:05:59.285664+00:00,success,,,a126311
iot-asis-I-0173-97023F,iot,as-is,I,2026-04-21T17:05:59.371707+00:00,2026-04-21T17:05:59.446357+00:00,success,,,a126311
iot-asis-I-0174-52E7AC,iot,as-is,I,2026-04-21T17:05:59.531113+00:00,2026-04-21T17:05:59.606470+00:00,success,,,a126311
iot-asis-I-0175-9CBD87,iot,as-is,I,2026-04-21T17:05:59.689908+00:00,2026-04-21T17:05:59.773522+00:00,success,,,a126311
iot-asis-I-0176-1B4A88,iot,as-is,I,2026-04-21T17:05:59.855848+00:00,2026-04-21T17:05:59.921709+00:00,success,,,a126311
iot-asis-I-0177-638FB8,iot,as-is,I,2026-04-21T17:06:00.002943+00:00,2026-04-21T17:06:00.087369+00:00,success,,,a126311
iot-asis-I-0178-A11DCE,iot,as-is,I,2026-04-21T17:06:00.167090+00:00,2026-04-21T17:06:00.261867+00:00,success,,,a126311
iot-asis-I-0179-8CE604,iot,as-is,I,2026-04-21T17:06:00.340377+00:00,2026-04-21T17:06:00.430241+00:00,success,,,a126311
iot-asis-I-0180-583FC3,iot,as-is,I,2026-04-21T17:06:00.506904+00:00,2026-04-21T17:06:00.602965+00:00,success,,,a126311
iot-asis-I-0181-670FC2,iot,as-is,I,2026-04-21T17:06:00.678797+00:00,2026-04-21T17:06:00.768366+00:00,success,,,a126311
iot-asis-I-0182-22AA5C,iot,as-is,I,2026-04-21T17:06:00.843304+00:00,2026-04-21T17:06:00.928940+00:00,success,,,a126311
iot-asis-I-0183-7442DE,iot,as-is,I,2026-04-21T17:06:01.002632+00:00,2026-04-21T17:06:01.113799+00:00,success,,,a126311
iot-asis-I-0184-2779C9,iot,as-is,I,2026-04-21T17:06:01.186347+00:00,2026-04-21T17:06:01.281718+00:00,success,,,a126311
iot-asis-I-0185-37E653,iot,as-is,I,2026-04-21T17:06:01.352389+00:00,2026-04-21T17:06:01.433292+00:00,success,,,a126311
iot-asis-I-0186-7593B7,iot,as-is,I,2026-04-21T17:06:01.502819+00:00,2026-04-21T17:06:01.567660+00:00,success,,,a126311
iot-asis-I-0187-FACAE7,iot,as-is,I,2026-04-21T17:06:01.636431+00:00,2026-04-21T17:06:01.704239+00:00,success,,,a126311
iot-asis-I-0188-73F29D,iot,as-is,I,2026-04-21T17:06:01.771213+00:00,2026-04-21T17:06:01.850647+00:00,success,,,a126311
iot-asis-I-0189-AF5AB1,iot,as-is,I,2026-04-21T17:06:01.916896+00:00,2026-04-21T17:06:01.983309+00:00,success,,,a126311
iot-asis-I-0190-24D278,iot,as-is,I,2026-04-21T17:06:02.047984+00:00,2026-04-21T17:06:02.116676+00:00,success,,,a126311
iot-asis-I-0191-6D4C53,iot,as-is,I,2026-04-21T17:06:02.180615+00:00,2026-04-21T17:06:02.258172+00:00,success,,,a126311
iot-asis-I-0192-CDDADB,iot,as-is,I,2026-04-21T17:06:02.320278+00:00,2026-04-21T17:06:02.401604+00:00,success,,,a126311
iot-asis-I-0193-E0DFF5,iot,as-is,I,2026-04-21T17:06:02.462501+00:00,2026-04-21T17:06:02.544895+00:00,success,,,a126311
iot-asis-I-0194-911D58,iot,as-is,I,2026-04-21T17:06:02.605674+00:00,2026-04-21T17:06:02.671303+00:00,success,,,a126311
iot-asis-I-0195-A4C2E8,iot,as-is,I,2026-04-21T17:06:02.729792+00:00,2026-04-21T17:06:02.813007+00:00,success,,,a126311
iot-asis-I-0196-AACA8D,iot,as-is,I,2026-04-21T17:06:02.870111+00:00,2026-04-21T17:06:02.952886+00:00,success,,,a126311
iot-asis-I-0197-9DF9ED,iot,as-is,I,2026-04-21T17:06:03.008949+00:00,2026-04-21T17:06:03.086285+00:00,success,,,a126311
iot-asis-I-0198-3C5580,iot,as-is,I,2026-04-21T17:06:03.140280+00:00,2026-04-21T17:06:03.229231+00:00,success,,,a126311
iot-asis-I-0199-B892E5,iot,as-is,I,2026-04-21T17:06:03.282842+00:00,2026-04-21T17:06:03.347735+00:00,success,,,a126311
iot-asis-J-0000-17E886,iot,as-is,J,2026-04-21T17:06:03.423938+00:00,2026-04-21T17:06:03.501636+00:00,success,,,a126311
iot-asis-J-0001-0782F9,iot,as-is,J,2026-04-21T17:06:03.603200+00:00,2026-04-21T17:06:03.674132+00:00,success,,,a126311
iot-asis-J-0002-38ACF1,iot,as-is,J,2026-04-21T17:06:03.775854+00:00,2026-04-21T17:06:03.862105+00:00,success,,,a126311
iot-asis-J-0003-4DDF2F,iot,as-is,J,2026-04-21T17:06:03.964036+00:00,2026-04-21T17:06:04.050854+00:00,success,,,a126311
iot-asis-J-0004-AE778A,iot,as-is,J,2026-04-21T17:06:04.153496+00:00,2026-04-21T17:06:04.226197+00:00,success,,,a126311
iot-asis-J-0005-DFA959,iot,as-is,J,2026-04-21T17:06:04.328162+00:00,2026-04-21T17:06:04.417982+00:00,success,,,a126311
iot-asis-J-0006-D373FB,iot,as-is,J,2026-04-21T17:06:04.520520+00:00,2026-04-21T17:06:04.593985+00:00,success,,,a126311
iot-asis-J-0007-F0B0FB,iot,as-is,J,2026-04-21T17:06:04.696295+00:00,2026-04-21T17:06:04.772912+00:00,success,,,a126311
iot-asis-J-0008-67077F,iot,as-is,J,2026-04-21T17:06:04.874861+00:00,2026-04-21T17:06:04.965193+00:00,success,,,a126311
iot-asis-J-0009-A5176B,iot,as-is,J,2026-04-21T17:06:05.067626+00:00,2026-04-21T17:06:05.131571+00:00,success,,,a126311
iot-asis-J-0010-BC3CB6,iot,as-is,J,2026-04-21T17:06:05.233587+00:00,2026-04-21T17:06:05.310167+00:00,success,,,a126311
iot-asis-J-0011-7C051A,iot,as-is,J,2026-04-21T17:06:05.412420+00:00,2026-04-21T17:06:05.492312+00:00,success,,,a126311
iot-asis-J-0012-8283F0,iot,as-is,J,2026-04-21T17:06:05.594350+00:00,2026-04-21T17:06:05.670438+00:00,success,,,a126311
iot-asis-J-0013-7BA761,iot,as-is,J,2026-04-21T17:06:05.772700+00:00,2026-04-21T17:06:05.857660+00:00,success,,,a126311
iot-asis-J-0014-6CAD11,iot,as-is,J,2026-04-21T17:06:05.960461+00:00,2026-04-21T17:06:06.045829+00:00,success,,,a126311
iot-asis-J-0015-DE1B70,iot,as-is,J,2026-04-21T17:06:06.148274+00:00,2026-04-21T17:06:06.229714+00:00,success,,,a126311
iot-asis-J-0016-BED4DF,iot,as-is,J,2026-04-21T17:06:06.332834+00:00,2026-04-21T17:06:06.414282+00:00,success,,,a126311
iot-asis-J-0017-77977E,iot,as-is,J,2026-04-21T17:06:06.516220+00:00,2026-04-21T17:06:36.538469+00:00,fail,timeout,,a126311
iot-asis-J-0018-956C80,iot,as-is,J,2026-04-21T17:06:36.642684+00:00,2026-04-21T17:07:06.670879+00:00,fail,timeout,,a126311
iot-asis-J-0019-FBA404,iot,as-is,J,2026-04-21T17:07:06.774115+00:00,2026-04-21T17:07:06.875632+00:00,success,,,a126311
iot-asis-J-0020-607D82,iot,as-is,J,2026-04-21T17:07:06.978197+00:00,2026-04-21T17:07:07.067478+00:00,success,,,a126311
iot-asis-J-0021-3F04B8,iot,as-is,J,2026-04-21T17:07:07.170083+00:00,2026-04-21T17:07:07.244820+00:00,success,,,a126311
iot-asis-J-0022-ED4EBF,iot,as-is,J,2026-04-21T17:07:07.347116+00:00,2026-04-21T17:07:07.428639+00:00,success,,,a126311
iot-asis-J-0023-407DD6,iot,as-is,J,2026-04-21T17:07:07.530859+00:00,2026-04-21T17:07:07.609202+00:00,success,,,a126311
iot-asis-J-0024-57941B,iot,as-is,J,2026-04-21T17:07:07.711468+00:00,2026-04-21T17:07:07.785604+00:00,success,,,a126311
iot-asis-J-0025-F30DCA,iot,as-is,J,2026-04-21T17:07:07.887884+00:00,2026-04-21T17:07:08.009501+00:00,success,,,a126311
iot-asis-J-0026-E3D562,iot,as-is,J,2026-04-21T17:07:08.112290+00:00,2026-04-21T17:07:08.191968+00:00,success,,,a126311
iot-asis-J-0027-8D00A9,iot,as-is,J,2026-04-21T17:07:08.293472+00:00,2026-04-21T17:07:08.371003+00:00,success,,,a126311
iot-asis-J-0028-4A7264,iot,as-is,J,2026-04-21T17:07:08.473663+00:00,2026-04-21T17:07:08.566469+00:00,success,,,a126311
iot-asis-J-0029-AC1F84,iot,as-is,J,2026-04-21T17:07:08.669343+00:00,2026-04-21T17:07:08.743800+00:00,success,,,a126311
iot-asis-J-0030-8E5915,iot,as-is,J,2026-04-21T17:07:08.845974+00:00,2026-04-21T17:07:08.919372+00:00,success,,,a126311
iot-asis-J-0031-776DDB,iot,as-is,J,2026-04-21T17:07:09.021124+00:00,2026-04-21T17:07:09.090538+00:00,success,,,a126311
iot-asis-J-0032-DDABED,iot,as-is,J,2026-04-21T17:07:09.193054+00:00,2026-04-21T17:07:09.264182+00:00,success,,,a126311
iot-asis-J-0033-EE3E9D,iot,as-is,J,2026-04-21T17:07:09.366974+00:00,2026-04-21T17:07:09.445171+00:00,success,,,a126311
iot-asis-J-0034-3877A0,iot,as-is,J,2026-04-21T17:07:09.548031+00:00,2026-04-21T17:07:09.641376+00:00,success,,,a126311
iot-asis-J-0035-EEF7BE,iot,as-is,J,2026-04-21T17:07:09.743570+00:00,2026-04-21T17:07:09.828989+00:00,success,,,a126311
iot-asis-J-0036-B0B51A,iot,as-is,J,2026-04-21T17:07:09.931527+00:00,2026-04-21T17:07:10.016436+00:00,success,,,a126311
iot-asis-J-0037-B3832E,iot,as-is,J,2026-04-21T17:07:10.119996+00:00,2026-04-21T17:07:10.203042+00:00,success,,,a126311
iot-asis-J-0038-2175FC,iot,as-is,J,2026-04-21T17:07:10.305991+00:00,2026-04-21T17:07:10.426384+00:00,success,,,a126311
iot-asis-J-0039-82D792,iot,as-is,J,2026-04-21T17:07:10.529356+00:00,2026-04-21T17:07:10.619354+00:00,success,,,a126311
iot-asis-J-0040-25DFEB,iot,as-is,J,2026-04-21T17:07:10.721325+00:00,2026-04-21T17:07:10.803521+00:00,success,,,a126311
iot-asis-J-0041-F06E7F,iot,as-is,J,2026-04-21T17:07:10.905224+00:00,2026-04-21T17:07:10.985138+00:00,success,,,a126311
iot-asis-J-0042-37A620,iot,as-is,J,2026-04-21T17:07:11.087221+00:00,2026-04-21T17:07:11.169572+00:00,success,,,a126311
iot-asis-J-0043-D6A4F1,iot,as-is,J,2026-04-21T17:07:11.271640+00:00,2026-04-21T17:07:11.340920+00:00,success,,,a126311
iot-asis-J-0044-8385F1,iot,as-is,J,2026-04-21T17:07:11.443006+00:00,2026-04-21T17:07:11.524058+00:00,success,,,a126311
iot-asis-J-0045-57F35A,iot,as-is,J,2026-04-21T17:07:11.625657+00:00,2026-04-21T17:07:11.713512+00:00,success,,,a126311
iot-asis-J-0046-471301,iot,as-is,J,2026-04-21T17:07:11.816245+00:00,2026-04-21T17:07:11.907763+00:00,success,,,a126311
iot-asis-J-0047-15D8E6,iot,as-is,J,2026-04-21T17:07:12.010032+00:00,2026-04-21T17:07:12.079510+00:00,success,,,a126311
iot-asis-J-0048-E9527E,iot,as-is,J,2026-04-21T17:07:12.181241+00:00,2026-04-21T17:07:12.257105+00:00,success,,,a126311
iot-asis-J-0049-3CE8AB,iot,as-is,J,2026-04-21T17:07:12.359711+00:00,2026-04-21T17:07:12.435154+00:00,success,,,a126311
iot-asis-J-0050-0C679C,iot,as-is,J,2026-04-21T17:07:12.537455+00:00,2026-04-21T17:07:12.648457+00:00,success,,,a126311
iot-asis-J-0051-DC12CC,iot,as-is,J,2026-04-21T17:07:12.750761+00:00,2026-04-21T17:07:12.820600+00:00,success,,,a126311
iot-asis-J-0052-643233,iot,as-is,J,2026-04-21T17:07:12.923088+00:00,2026-04-21T17:07:13.013737+00:00,success,,,a126311
iot-asis-J-0053-83BB35,iot,as-is,J,2026-04-21T17:07:13.115783+00:00,2026-04-21T17:07:13.203346+00:00,success,,,a126311
iot-asis-J-0054-C30210,iot,as-is,J,2026-04-21T17:07:13.305967+00:00,2026-04-21T17:07:13.389963+00:00,success,,,a126311
iot-asis-J-0055-42374B,iot,as-is,J,2026-04-21T17:07:13.493865+00:00,2026-04-21T17:07:13.582500+00:00,success,,,a126311
iot-asis-J-0056-179D20,iot,as-is,J,2026-04-21T17:07:13.684907+00:00,2026-04-21T17:07:13.767099+00:00,success,,,a126311
iot-asis-J-0057-E84399,iot,as-is,J,2026-04-21T17:07:13.869226+00:00,2026-04-21T17:07:13.939167+00:00,success,,,a126311
iot-asis-J-0058-0F3705,iot,as-is,J,2026-04-21T17:07:14.041374+00:00,2026-04-21T17:07:14.107985+00:00,success,,,a126311
iot-asis-J-0059-99CACF,iot,as-is,J,2026-04-21T17:07:14.209906+00:00,2026-04-21T17:07:14.290940+00:00,success,,,a126311
iot-asis-J-0060-07A7BF,iot,as-is,J,2026-04-21T17:07:14.392855+00:00,2026-04-21T17:07:14.484621+00:00,success,,,a126311
iot-asis-J-0061-3C98DE,iot,as-is,J,2026-04-21T17:07:14.586200+00:00,2026-04-21T17:07:14.675028+00:00,success,,,a126311
iot-asis-J-0062-52AF3F,iot,as-is,J,2026-04-21T17:07:14.778140+00:00,2026-04-21T17:07:14.865661+00:00,success,,,a126311
iot-asis-J-0063-F7944A,iot,as-is,J,2026-04-21T17:07:14.967564+00:00,2026-04-21T17:07:15.056120+00:00,success,,,a126311
iot-asis-J-0064-A5E1BC,iot,as-is,J,2026-04-21T17:07:15.158280+00:00,2026-04-21T17:07:15.250720+00:00,success,,,a126311
iot-asis-J-0065-35062F,iot,as-is,J,2026-04-21T17:07:15.352825+00:00,2026-04-21T17:07:15.418747+00:00,success,,,a126311
iot-asis-J-0066-62164F,iot,as-is,J,2026-04-21T17:07:15.521195+00:00,2026-04-21T17:07:15.605608+00:00,success,,,a126311
iot-asis-J-0067-7BCD4E,iot,as-is,J,2026-04-21T17:07:15.707341+00:00,2026-04-21T17:07:15.791227+00:00,success,,,a126311
iot-asis-J-0068-3214AF,iot,as-is,J,2026-04-21T17:07:15.893585+00:00,2026-04-21T17:07:15.968537+00:00,success,,,a126311
iot-asis-J-0069-2F037D,iot,as-is,J,2026-04-21T17:07:16.070291+00:00,2026-04-21T17:07:16.144794+00:00,success,,,a126311
iot-asis-J-0070-28C048,iot,as-is,J,2026-04-21T17:07:16.247013+00:00,2026-04-21T17:07:16.324407+00:00,success,,,a126311
iot-asis-J-0071-27AC5B,iot,as-is,J,2026-04-21T17:07:16.426328+00:00,2026-04-21T17:07:16.495019+00:00,success,,,a126311
iot-asis-J-0072-C410C5,iot,as-is,J,2026-04-21T17:07:16.597145+00:00,2026-04-21T17:07:16.669103+00:00,success,,,a126311
iot-asis-J-0073-4232FE,iot,as-is,J,2026-04-21T17:07:16.771432+00:00,2026-04-21T17:07:16.839275+00:00,success,,,a126311
iot-asis-J-0074-9CF606,iot,as-is,J,2026-04-21T17:07:16.941685+00:00,2026-04-21T17:07:17.010656+00:00,success,,,a126311
iot-asis-J-0075-3C97F6,iot,as-is,J,2026-04-21T17:07:17.112717+00:00,2026-04-21T17:07:17.190529+00:00,success,,,a126311
iot-asis-J-0076-A1BA68,iot,as-is,J,2026-04-21T17:07:17.293532+00:00,2026-04-21T17:07:47.308878+00:00,fail,timeout,,a126311
iot-asis-J-0077-18367D,iot,as-is,J,2026-04-21T17:07:47.411564+00:00,2026-04-21T17:07:47.524578+00:00,success,,,a126311
iot-asis-J-0078-DDC519,iot,as-is,J,2026-04-21T17:07:47.627951+00:00,2026-04-21T17:07:47.703807+00:00,success,,,a126311
iot-asis-J-0079-6068A3,iot,as-is,J,2026-04-21T17:07:47.807096+00:00,2026-04-21T17:07:47.878740+00:00,success,,,a126311
iot-asis-J-0080-3EB082,iot,as-is,J,2026-04-21T17:07:47.981361+00:00,2026-04-21T17:07:48.050225+00:00,success,,,a126311
iot-asis-J-0081-8E558B,iot,as-is,J,2026-04-21T17:07:48.152680+00:00,2026-04-21T17:07:48.254606+00:00,success,,,a126311
iot-asis-J-0082-7588B3,iot,as-is,J,2026-04-21T17:07:48.357116+00:00,2026-04-21T17:07:48.441112+00:00,success,,,a126311
iot-asis-J-0083-537495,iot,as-is,J,2026-04-21T17:07:48.543612+00:00,2026-04-21T17:07:48.625093+00:00,success,,,a126311
iot-asis-J-0084-63874D,iot,as-is,J,2026-04-21T17:07:48.727342+00:00,2026-04-21T17:07:48.806650+00:00,success,,,a126311
iot-asis-J-0085-E84104,iot,as-is,J,2026-04-21T17:07:48.909085+00:00,2026-04-21T17:07:48.994568+00:00,success,,,a126311
iot-asis-J-0086-551B53,iot,as-is,J,2026-04-21T17:07:49.096867+00:00,2026-04-21T17:07:49.180777+00:00,success,,,a126311
iot-asis-J-0087-CFEABF,iot,as-is,J,2026-04-21T17:07:49.282834+00:00,2026-04-21T17:07:49.352303+00:00,success,,,a126311
iot-asis-J-0088-2258CC,iot,as-is,J,2026-04-21T17:07:49.454287+00:00,2026-04-21T17:07:49.518285+00:00,success,,,a126311
iot-asis-J-0089-AA4EC6,iot,as-is,J,2026-04-21T17:07:49.620892+00:00,2026-04-21T17:07:49.713989+00:00,success,,,a126311
iot-asis-J-0090-008706,iot,as-is,J,2026-04-21T17:07:49.816195+00:00,2026-04-21T17:07:49.896821+00:00,success,,,a126311
iot-asis-J-0091-608873,iot,as-is,J,2026-04-21T17:07:49.998992+00:00,2026-04-21T17:07:50.081005+00:00,success,,,a126311
iot-asis-J-0092-DC5B0A,iot,as-is,J,2026-04-21T17:07:50.182864+00:00,2026-04-21T17:07:50.261628+00:00,success,,,a126311
iot-asis-J-0093-E1E497,iot,as-is,J,2026-04-21T17:07:50.363866+00:00,2026-04-21T17:07:50.454831+00:00,success,,,a126311
iot-asis-J-0094-194E4E,iot,as-is,J,2026-04-21T17:07:50.556613+00:00,2026-04-21T17:07:50.647667+00:00,success,,,a126311
iot-asis-J-0095-BCB627,iot,as-is,J,2026-04-21T17:07:50.751992+00:00,2026-04-21T17:07:50.838860+00:00,success,,,a126311
iot-asis-J-0096-428FBF,iot,as-is,J,2026-04-21T17:07:50.940969+00:00,2026-04-21T17:07:51.010667+00:00,success,,,a126311
iot-asis-J-0097-CC0AA4,iot,as-is,J,2026-04-21T17:07:51.112986+00:00,2026-04-21T17:07:51.212218+00:00,success,,,a126311
iot-asis-J-0098-75A926,iot,as-is,J,2026-04-21T17:07:51.315553+00:00,2026-04-21T17:07:51.393085+00:00,success,,,a126311
iot-asis-J-0099-FFECD9,iot,as-is,J,2026-04-21T17:07:51.495072+00:00,2026-04-21T17:07:51.575008+00:00,success,,,a126311
iot-asis-J-0100-BA001F,iot,as-is,J,2026-04-21T17:07:51.677393+00:00,2026-04-21T17:07:51.756548+00:00,success,,,a126311
iot-asis-J-0101-30BB3D,iot,as-is,J,2026-04-21T17:07:51.858045+00:00,2026-04-21T17:07:51.938554+00:00,success,,,a126311
iot-asis-J-0102-86D580,iot,as-is,J,2026-04-21T17:07:52.040151+00:00,2026-04-21T17:07:52.127158+00:00,success,,,a126311
iot-asis-J-0103-6D25A2,iot,as-is,J,2026-04-21T17:07:52.229127+00:00,2026-04-21T17:07:52.324793+00:00,success,,,a126311
iot-asis-J-0104-C53D55,iot,as-is,J,2026-04-21T17:07:52.426397+00:00,2026-04-21T17:07:52.521533+00:00,success,,,a126311
iot-asis-J-0105-6E35F1,iot,as-is,J,2026-04-21T17:07:52.623303+00:00,2026-04-21T17:07:52.724616+00:00,success,,,a126311
iot-asis-J-0106-D90C17,iot,as-is,J,2026-04-21T17:07:52.826701+00:00,2026-04-21T17:07:52.893639+00:00,success,,,a126311
iot-asis-J-0107-21B16D,iot,as-is,J,2026-04-21T17:07:52.995957+00:00,2026-04-21T17:07:53.066481+00:00,success,,,a126311
iot-asis-J-0108-D7C013,iot,as-is,J,2026-04-21T17:07:53.169002+00:00,2026-04-21T17:07:53.237025+00:00,success,,,a126311
iot-asis-J-0109-7006A6,iot,as-is,J,2026-04-21T17:07:53.338999+00:00,2026-04-21T17:07:53.412888+00:00,success,,,a126311
iot-asis-J-0110-07D69A,iot,as-is,J,2026-04-21T17:07:53.515249+00:00,2026-04-21T17:07:53.589002+00:00,success,,,a126311
iot-asis-J-0111-6FB63C,iot,as-is,J,2026-04-21T17:07:53.691585+00:00,2026-04-21T17:07:53.791013+00:00,success,,,a126311
iot-asis-J-0112-D82EB0,iot,as-is,J,2026-04-21T17:07:53.892670+00:00,2026-04-21T17:07:54.005291+00:00,success,,,a126311
iot-asis-J-0113-3D1DA5,iot,as-is,J,2026-04-21T17:07:54.108405+00:00,2026-04-21T17:07:54.202246+00:00,success,,,a126311
iot-asis-J-0114-E686DC,iot,as-is,J,2026-04-21T17:07:54.304345+00:00,2026-04-21T17:07:54.406114+00:00,success,,,a126311
iot-asis-J-0115-F5EEE7,iot,as-is,J,2026-04-21T17:07:54.508213+00:00,2026-04-21T17:07:54.579799+00:00,success,,,a126311
iot-asis-J-0116-56359D,iot,as-is,J,2026-04-21T17:07:54.681976+00:00,2026-04-21T17:07:54.776339+00:00,success,,,a126311
iot-asis-J-0117-0817E9,iot,as-is,J,2026-04-21T17:07:54.877860+00:00,2026-04-21T17:07:54.962205+00:00,success,,,a126311
iot-asis-J-0118-D726AB,iot,as-is,J,2026-04-21T17:07:55.065137+00:00,2026-04-21T17:07:55.135049+00:00,success,,,a126311
iot-asis-J-0119-550C06,iot,as-is,J,2026-04-21T17:07:55.236994+00:00,2026-04-21T17:07:55.307534+00:00,success,,,a126311
iot-asis-J-0120-29AFEF,iot,as-is,J,2026-04-21T17:07:55.410605+00:00,2026-04-21T17:07:55.495299+00:00,success,,,a126311
iot-asis-J-0121-3D8537,iot,as-is,J,2026-04-21T17:07:55.597418+00:00,2026-04-21T17:07:55.695169+00:00,success,,,a126311
iot-asis-J-0122-FCADB1,iot,as-is,J,2026-04-21T17:07:55.798854+00:00,2026-04-21T17:07:55.885585+00:00,success,,,a126311
iot-asis-J-0123-EBE2DA,iot,as-is,J,2026-04-21T17:07:55.987564+00:00,2026-04-21T17:07:56.066958+00:00,success,,,a126311
iot-asis-J-0124-F162C6,iot,as-is,J,2026-04-21T17:07:56.168933+00:00,2026-04-21T17:07:56.250095+00:00,success,,,a126311
iot-asis-J-0125-FF2ABD,iot,as-is,J,2026-04-21T17:07:56.353674+00:00,2026-04-21T17:07:56.450856+00:00,success,,,a126311
iot-asis-J-0126-6F57ED,iot,as-is,J,2026-04-21T17:07:56.553347+00:00,2026-04-21T17:07:56.655889+00:00,success,,,a126311
iot-asis-J-0127-B4E2F6,iot,as-is,J,2026-04-21T17:07:56.758062+00:00,2026-04-21T17:07:56.855651+00:00,success,,,a126311
iot-asis-J-0128-C75F84,iot,as-is,J,2026-04-21T17:07:56.959142+00:00,2026-04-21T17:07:57.048271+00:00,success,,,a126311
iot-asis-J-0129-46208A,iot,as-is,J,2026-04-21T17:07:57.150258+00:00,2026-04-21T17:07:57.230668+00:00,success,,,a126311
iot-asis-J-0130-2F2ABF,iot,as-is,J,2026-04-21T17:07:57.332484+00:00,2026-04-21T17:07:57.420363+00:00,success,,,a126311
iot-asis-J-0131-E64215,iot,as-is,J,2026-04-21T17:07:57.522187+00:00,2026-04-21T17:07:57.603961+00:00,success,,,a126311
iot-asis-J-0132-0E5C67,iot,as-is,J,2026-04-21T17:07:57.705973+00:00,2026-04-21T17:07:57.779521+00:00,success,,,a126311
iot-asis-J-0133-3A1D17,iot,as-is,J,2026-04-21T17:07:57.881181+00:00,2026-04-21T17:07:57.950749+00:00,success,,,a126311
iot-asis-J-0134-BF2ECD,iot,as-is,J,2026-04-21T17:07:58.055871+00:00,2026-04-21T17:07:58.144384+00:00,success,,,a126311
iot-asis-J-0135-E57337,iot,as-is,J,2026-04-21T17:07:58.246101+00:00,2026-04-21T17:07:58.326696+00:00,success,,,a126311
iot-asis-J-0136-C6C3F4,iot,as-is,J,2026-04-21T17:07:58.430931+00:00,2026-04-21T17:07:58.506802+00:00,success,,,a126311
iot-asis-J-0137-CCC0D2,iot,as-is,J,2026-04-21T17:07:58.609498+00:00,2026-04-21T17:07:58.692913+00:00,success,,,a126311
iot-asis-J-0138-50B7D4,iot,as-is,J,2026-04-21T17:07:58.795385+00:00,2026-04-21T17:07:58.879811+00:00,success,,,a126311
iot-asis-J-0139-B5C5D6,iot,as-is,J,2026-04-21T17:07:58.982379+00:00,2026-04-21T17:07:59.068100+00:00,success,,,a126311
iot-asis-J-0140-DDDEDF,iot,as-is,J,2026-04-21T17:07:59.170574+00:00,2026-04-21T17:07:59.238498+00:00,success,,,a126311
iot-asis-J-0141-E46B95,iot,as-is,J,2026-04-21T17:07:59.341071+00:00,2026-04-21T17:07:59.407826+00:00,success,,,a126311
iot-asis-J-0142-7A8853,iot,as-is,J,2026-04-21T17:07:59.510876+00:00,2026-04-21T17:07:59.581332+00:00,success,,,a126311
iot-asis-J-0143-C34807,iot,as-is,J,2026-04-21T17:07:59.683494+00:00,2026-04-21T17:07:59.753769+00:00,success,,,a126311
iot-asis-J-0144-A6C602,iot,as-is,J,2026-04-21T17:07:59.855933+00:00,2026-04-21T17:07:59.926892+00:00,success,,,a126311
iot-asis-J-0145-601F78,iot,as-is,J,2026-04-21T17:08:00.029077+00:00,2026-04-21T17:08:00.104698+00:00,success,,,a126311
iot-asis-J-0146-6EC4B2,iot,as-is,J,2026-04-21T17:08:00.208058+00:00,2026-04-21T17:08:00.293917+00:00,success,,,a126311
iot-asis-J-0147-ECFB62,iot,as-is,J,2026-04-21T17:08:00.395841+00:00,2026-04-21T17:08:00.477026+00:00,success,,,a126311
iot-asis-J-0148-521F26,iot,as-is,J,2026-04-21T17:08:00.578768+00:00,2026-04-21T17:08:00.658606+00:00,success,,,a126311
iot-asis-J-0149-E95F05,iot,as-is,J,2026-04-21T17:08:00.761877+00:00,2026-04-21T17:08:00.828474+00:00,success,,,a126311
iot-asis-J-0150-C84BB5,iot,as-is,J,2026-04-21T17:08:00.929848+00:00,2026-04-21T17:08:00.995388+00:00,success,,,a126311
iot-asis-J-0151-A87087,iot,as-is,J,2026-04-21T17:08:01.097929+00:00,2026-04-21T17:08:01.169530+00:00,success,,,a126311
iot-asis-J-0152-2E843A,iot,as-is,J,2026-04-21T17:08:01.271886+00:00,2026-04-21T17:08:01.339409+00:00,success,,,a126311
iot-asis-J-0153-E83C5A,iot,as-is,J,2026-04-21T17:08:01.441228+00:00,2026-04-21T17:08:01.508080+00:00,success,,,a126311
iot-asis-J-0154-5F304C,iot,as-is,J,2026-04-21T17:08:01.610477+00:00,2026-04-21T17:08:01.679268+00:00,success,,,a126311
iot-asis-J-0155-C6AC0A,iot,as-is,J,2026-04-21T17:08:01.781440+00:00,2026-04-21T17:08:01.848078+00:00,success,,,a126311
iot-asis-J-0156-C8E59B,iot,as-is,J,2026-04-21T17:08:01.950130+00:00,2026-04-21T17:08:02.025149+00:00,success,,,a126311
iot-asis-J-0157-F49505,iot,as-is,J,2026-04-21T17:08:02.126850+00:00,2026-04-21T17:08:02.199598+00:00,success,,,a126311
iot-asis-J-0158-4409A4,iot,as-is,J,2026-04-21T17:08:02.301683+00:00,2026-04-21T17:08:02.389347+00:00,success,,,a126311
iot-asis-J-0159-03B028,iot,as-is,J,2026-04-21T17:08:02.492329+00:00,2026-04-21T17:08:02.590302+00:00,success,,,a126311
iot-asis-J-0160-D7AD5C,iot,as-is,J,2026-04-21T17:08:02.692086+00:00,2026-04-21T17:08:02.760444+00:00,success,,,a126311
iot-asis-J-0161-C9C9B3,iot,as-is,J,2026-04-21T17:08:02.863967+00:00,2026-04-21T17:08:02.929234+00:00,success,,,a126311
iot-asis-J-0162-934E75,iot,as-is,J,2026-04-21T17:08:03.031736+00:00,2026-04-21T17:08:03.109459+00:00,success,,,a126311
iot-asis-J-0163-3A7D77,iot,as-is,J,2026-04-21T17:08:03.211973+00:00,2026-04-21T17:08:03.281412+00:00,success,,,a126311
iot-asis-J-0164-99D18F,iot,as-is,J,2026-04-21T17:08:03.384898+00:00,2026-04-21T17:08:03.469052+00:00,success,,,a126311
iot-asis-J-0165-E86C21,iot,as-is,J,2026-04-21T17:08:03.572361+00:00,2026-04-21T17:08:03.652437+00:00,success,,,a126311
iot-asis-J-0166-5C9677,iot,as-is,J,2026-04-21T17:08:03.754722+00:00,2026-04-21T17:08:03.806405+00:00,success,,,a126311
iot-asis-J-0167-255300,iot,as-is,J,2026-04-21T17:08:03.907839+00:00,2026-04-21T17:08:03.975251+00:00,success,,,a126311
iot-asis-J-0168-C74653,iot,as-is,J,2026-04-21T17:08:04.076778+00:00,2026-04-21T17:08:04.145091+00:00,success,,,a126311
iot-asis-J-0169-5C799F,iot,as-is,J,2026-04-21T17:08:04.247263+00:00,2026-04-21T17:08:04.307731+00:00,success,,,a126311
iot-asis-J-0170-3E7473,iot,as-is,J,2026-04-21T17:08:04.409851+00:00,2026-04-21T17:08:04.496482+00:00,success,,,a126311
iot-asis-J-0171-895A71,iot,as-is,J,2026-04-21T17:08:04.598165+00:00,2026-04-21T17:08:04.661015+00:00,success,,,a126311
iot-asis-J-0172-C0B308,iot,as-is,J,2026-04-21T17:08:04.762725+00:00,2026-04-21T17:08:04.833883+00:00,success,,,a126311
iot-asis-J-0173-1725AD,iot,as-is,J,2026-04-21T17:08:04.935896+00:00,2026-04-21T17:08:04.992701+00:00,success,,,a126311
iot-asis-J-0174-361D9D,iot,as-is,J,2026-04-21T17:08:05.094124+00:00,2026-04-21T17:08:05.159909+00:00,success,,,a126311
iot-asis-J-0175-DEABC2,iot,as-is,J,2026-04-21T17:08:05.261803+00:00,2026-04-21T17:08:05.340541+00:00,success,,,a126311
iot-asis-J-0176-7209F6,iot,as-is,J,2026-04-21T17:08:05.443350+00:00,2026-04-21T17:08:05.538484+00:00,success,,,a126311
iot-asis-J-0177-C3C6C9,iot,as-is,J,2026-04-21T17:08:05.641137+00:00,2026-04-21T17:08:05.747705+00:00,success,,,a126311
iot-asis-J-0178-A4966D,iot,as-is,J,2026-04-21T17:08:05.850471+00:00,2026-04-21T17:08:05.952723+00:00,success,,,a126311
iot-asis-J-0179-E1A3C5,iot,as-is,J,2026-04-21T17:08:06.054992+00:00,2026-04-21T17:08:06.148083+00:00,success,,,a126311
iot-asis-J-0180-FD25E3,iot,as-is,J,2026-04-21T17:08:06.250264+00:00,2026-04-21T17:08:06.322768+00:00,success,,,a126311
iot-asis-J-0181-DFA0F4,iot,as-is,J,2026-04-21T17:08:06.424565+00:00,2026-04-21T17:08:06.489948+00:00,success,,,a126311
iot-asis-J-0182-38FCFF,iot,as-is,J,2026-04-21T17:08:06.591677+00:00,2026-04-21T17:08:06.669762+00:00,success,,,a126311
iot-asis-J-0183-4D09FC,iot,as-is,J,2026-04-21T17:08:06.771261+00:00,2026-04-21T17:08:06.838183+00:00,success,,,a126311
iot-asis-J-0184-A58D16,iot,as-is,J,2026-04-21T17:08:06.939766+00:00,2026-04-21T17:08:07.021276+00:00,success,,,a126311
iot-asis-J-0185-04312E,iot,as-is,J,2026-04-21T17:08:07.123017+00:00,2026-04-21T17:08:07.192044+00:00,success,,,a126311
iot-asis-J-0186-2F81D5,iot,as-is,J,2026-04-21T17:08:07.294087+00:00,2026-04-21T17:08:07.363593+00:00,success,,,a126311
iot-asis-J-0187-A07434,iot,as-is,J,2026-04-21T17:08:07.465394+00:00,2026-04-21T17:08:07.537952+00:00,success,,,a126311
iot-asis-J-0188-FCB48B,iot,as-is,J,2026-04-21T17:08:07.639618+00:00,2026-04-21T17:08:07.694632+00:00,success,,,a126311
iot-asis-J-0189-F0C2E7,iot,as-is,J,2026-04-21T17:08:07.796235+00:00,2026-04-21T17:08:07.853299+00:00,success,,,a126311
iot-asis-J-0190-F502A6,iot,as-is,J,2026-04-21T17:08:07.955510+00:00,2026-04-21T17:08:08.024827+00:00,success,,,a126311
iot-asis-J-0191-6B43AE,iot,as-is,J,2026-04-21T17:08:08.126232+00:00,2026-04-21T17:08:08.187624+00:00,success,,,a126311
iot-asis-J-0192-B35A4C,iot,as-is,J,2026-04-21T17:08:08.289438+00:00,2026-04-21T17:08:08.366836+00:00,success,,,a126311
iot-asis-J-0193-5F6F59,iot,as-is,J,2026-04-21T17:08:08.468516+00:00,2026-04-21T17:08:08.528332+00:00,success,,,a126311
iot-asis-J-0194-371F1E,iot,as-is,J,2026-04-21T17:08:08.629841+00:00,2026-04-21T17:08:08.710456+00:00,success,,,a126311
iot-asis-J-0195-5F204B,iot,as-is,J,2026-04-21T17:08:08.811852+00:00,2026-04-21T17:08:08.889490+00:00,success,,,a126311
iot-asis-J-0196-A286FF,iot,as-is,J,2026-04-21T17:08:08.991774+00:00,2026-04-21T17:08:09.086903+00:00,success,,,a126311
iot-asis-J-0197-2B69B8,iot,as-is,J,2026-04-21T17:08:09.188833+00:00,2026-04-21T17:08:09.295109+00:00,success,,,a126311
iot-asis-J-0198-B1A5E0,iot,as-is,J,2026-04-21T17:08:09.399694+00:00,2026-04-21T17:08:09.489165+00:00,success,,,a126311
iot-asis-J-0199-7FC43A,iot,as-is,J,2026-04-21T17:08:09.590931+00:00,2026-04-21T17:08:09.680640+00:00,success,,,a126311
iot-asis-K-0000-4F5C6D,iot,as-is,K,2026-04-21T17:08:09.811337+00:00,2026-04-21T17:08:09.899397+00:00,success,,,a126311
iot-asis-K-0001-0A58ED,iot,as-is,K,2026-04-21T17:08:10.001595+00:00,2026-04-21T17:08:10.080119+00:00,success,,,a126311
iot-asis-K-0002-2B0B9D,iot,as-is,K,2026-04-21T17:08:10.182293+00:00,2026-04-21T17:08:10.271527+00:00,success,,,a126311
iot-asis-K-0003-24CD55,iot,as-is,K,2026-04-21T17:08:10.372967+00:00,2026-04-21T17:08:10.473067+00:00,success,,,a126311
iot-asis-K-0004-02AC4D,iot,as-is,K,2026-04-21T17:08:10.575335+00:00,2026-04-21T17:08:10.656010+00:00,success,,,a126311
iot-asis-K-0005-315EAC,iot,as-is,K,2026-04-21T17:08:10.758184+00:00,2026-04-21T17:08:10.885708+00:00,success,,,a126311
iot-asis-K-0006-110E89,iot,as-is,K,2026-04-21T17:08:10.988565+00:00,2026-04-21T17:08:11.076840+00:00,success,,,a126311
iot-asis-K-0007-631BB2,iot,as-is,K,2026-04-21T17:08:11.179239+00:00,2026-04-21T17:08:11.275510+00:00,success,,,a126311
iot-asis-K-0008-419CBA,iot,as-is,K,2026-04-21T17:08:11.377430+00:00,2026-04-21T17:08:11.462692+00:00,success,,,a126311
iot-asis-K-0009-8262AA,iot,as-is,K,2026-04-21T17:08:11.564674+00:00,2026-04-21T17:08:11.645787+00:00,success,,,a126311
iot-asis-K-0010-46BF7A,iot,as-is,K,2026-04-21T17:08:11.747147+00:00,2026-04-21T17:08:11.830999+00:00,success,,,a126311
iot-asis-K-0011-BA92D9,iot,as-is,K,2026-04-21T17:08:11.932909+00:00,2026-04-21T17:08:12.005290+00:00,success,,,a126311
iot-asis-K-0012-89743D,iot,as-is,K,2026-04-21T17:08:12.107133+00:00,2026-04-21T17:08:12.179708+00:00,success,,,a126311
iot-asis-K-0013-FE39C3,iot,as-is,K,2026-04-21T17:08:12.281996+00:00,2026-04-21T17:08:12.369464+00:00,success,,,a126311
iot-asis-K-0014-2557FF,iot,as-is,K,2026-04-21T17:08:12.471476+00:00,2026-04-21T17:08:12.570621+00:00,success,,,a126311
iot-asis-K-0015-24E937,iot,as-is,K,2026-04-21T17:08:12.673095+00:00,2026-04-21T17:08:12.756377+00:00,success,,,a126311
iot-asis-K-0016-B9B0D8,iot,as-is,K,2026-04-21T17:08:12.857988+00:00,2026-04-21T17:08:12.926123+00:00,success,,,a126311
iot-asis-K-0017-047425,iot,as-is,K,2026-04-21T17:08:13.028167+00:00,2026-04-21T17:08:13.102017+00:00,success,,,a126311
iot-asis-K-0018-20FEF0,iot,as-is,K,2026-04-21T17:08:13.204478+00:00,2026-04-21T17:08:13.285248+00:00,success,,,a126311
iot-asis-K-0019-DDF7AB,iot,as-is,K,2026-04-21T17:08:13.386845+00:00,2026-04-21T17:08:13.484695+00:00,success,,,a126311
iot-asis-K-0020-1EF049,iot,as-is,K,2026-04-21T17:08:13.586577+00:00,2026-04-21T17:08:13.670036+00:00,success,,,a126311
iot-asis-K-0021-82EEE1,iot,as-is,K,2026-04-21T17:08:13.771958+00:00,2026-04-21T17:08:13.850656+00:00,success,,,a126311
iot-asis-K-0022-C07397,iot,as-is,K,2026-04-21T17:08:13.953305+00:00,2026-04-21T17:08:14.031583+00:00,success,,,a126311
iot-asis-K-0023-921988,iot,as-is,K,2026-04-21T17:08:14.134589+00:00,2026-04-21T17:08:14.225571+00:00,success,,,a126311
iot-asis-K-0024-951999,iot,as-is,K,2026-04-21T17:08:14.328769+00:00,2026-04-21T17:08:14.435506+00:00,success,,,a126311
iot-asis-K-0025-824B73,iot,as-is,K,2026-04-21T17:08:14.537914+00:00,2026-04-21T17:08:14.629814+00:00,success,,,a126311
iot-asis-K-0026-F11004,iot,as-is,K,2026-04-21T17:08:14.733090+00:00,2026-04-21T17:08:14.809083+00:00,success,,,a126311
iot-asis-K-0027-1E4292,iot,as-is,K,2026-04-21T17:08:14.911230+00:00,2026-04-21T17:08:14.991851+00:00,success,,,a126311
iot-asis-K-0028-22023A,iot,as-is,K,2026-04-21T17:08:15.093652+00:00,2026-04-21T17:08:15.175637+00:00,success,,,a126311
iot-asis-K-0029-3B5012,iot,as-is,K,2026-04-21T17:08:15.277096+00:00,2026-04-21T17:08:15.363947+00:00,success,,,a126311
iot-asis-K-0030-BFCA0B,iot,as-is,K,2026-04-21T17:08:15.466109+00:00,2026-04-21T17:08:15.545747+00:00,success,,,a126311
iot-asis-K-0031-5D4FCC,iot,as-is,K,2026-04-21T17:08:15.647894+00:00,2026-04-21T17:08:15.732811+00:00,success,,,a126311
iot-asis-K-0032-E731DC,iot,as-is,K,2026-04-21T17:08:15.835348+00:00,2026-04-21T17:08:15.914128+00:00,success,,,a126311
iot-asis-K-0033-90249B,iot,as-is,K,2026-04-21T17:08:16.016582+00:00,2026-04-21T17:08:16.126588+00:00,success,,,a126311
iot-asis-K-0034-E32F25,iot,as-is,K,2026-04-21T17:08:16.229028+00:00,2026-04-21T17:08:16.303946+00:00,success,,,a126311
iot-asis-K-0035-A24669,iot,as-is,K,2026-04-21T17:08:16.405768+00:00,2026-04-21T17:08:16.486938+00:00,success,,,a126311
iot-asis-K-0036-D92F8F,iot,as-is,K,2026-04-21T17:08:16.589519+00:00,2026-04-21T17:08:16.668067+00:00,success,,,a126311
iot-asis-K-0037-BF24C0,iot,as-is,K,2026-04-21T17:08:16.769991+00:00,2026-04-21T17:08:16.850800+00:00,success,,,a126311
iot-asis-K-0038-46D8DF,iot,as-is,K,2026-04-21T17:08:16.952880+00:00,2026-04-21T17:08:17.043407+00:00,success,,,a126311
iot-asis-K-0039-B3B394,iot,as-is,K,2026-04-21T17:08:17.145383+00:00,2026-04-21T17:08:17.301475+00:00,success,,,a126311
iot-asis-K-0040-96BA59,iot,as-is,K,2026-04-21T17:08:17.405618+00:00,2026-04-21T17:08:17.505202+00:00,success,,,a126311
iot-asis-K-0041-3B7EE1,iot,as-is,K,2026-04-21T17:08:17.607079+00:00,2026-04-21T17:08:17.784721+00:00,success,,,a126311
iot-asis-K-0042-A709A7,iot,as-is,K,2026-04-21T17:08:17.886539+00:00,2026-04-21T17:08:17.982149+00:00,success,,,a126311
iot-asis-K-0043-8DE82B,iot,as-is,K,2026-04-21T17:08:18.084451+00:00,2026-04-21T17:08:18.175418+00:00,success,,,a126311
iot-asis-K-0044-18455A,iot,as-is,K,2026-04-21T17:08:18.277277+00:00,2026-04-21T17:08:18.368137+00:00,success,,,a126311
iot-asis-K-0045-B7BC8D,iot,as-is,K,2026-04-21T17:08:18.469913+00:00,2026-04-21T17:08:18.603285+00:00,success,,,a126311
iot-asis-K-0046-183BD5,iot,as-is,K,2026-04-21T17:08:18.705406+00:00,2026-04-21T17:08:18.799132+00:00,success,,,a126311
iot-asis-K-0047-9207EE,iot,as-is,K,2026-04-21T17:08:18.901867+00:00,2026-04-21T17:08:18.988353+00:00,success,,,a126311
iot-asis-K-0048-415077,iot,as-is,K,2026-04-21T17:08:19.091123+00:00,2026-04-21T17:08:19.173805+00:00,success,,,a126311
iot-asis-K-0049-A7BDCD,iot,as-is,K,2026-04-21T17:08:19.275695+00:00,2026-04-21T17:08:19.353854+00:00,success,,,a126311
iot-asis-K-0050-2C3D68,iot,as-is,K,2026-04-21T17:08:19.456958+00:00,2026-04-21T17:08:19.549892+00:00,success,,,a126311
iot-asis-K-0051-1F85A4,iot,as-is,K,2026-04-21T17:08:19.652134+00:00,2026-04-21T17:08:19.779892+00:00,success,,,a126311
iot-asis-K-0052-97E5C2,iot,as-is,K,2026-04-21T17:08:19.882573+00:00,2026-04-21T17:08:19.961848+00:00,success,,,a126311
iot-asis-K-0053-B8501D,iot,as-is,K,2026-04-21T17:08:20.064383+00:00,2026-04-21T17:08:20.171806+00:00,success,,,a126311
iot-asis-K-0054-A43D02,iot,as-is,K,2026-04-21T17:08:20.275363+00:00,2026-04-21T17:08:20.391622+00:00,success,,,a126311
iot-asis-K-0055-F5C477,iot,as-is,K,2026-04-21T17:08:20.493979+00:00,2026-04-21T17:08:20.576996+00:00,success,,,a126311
iot-asis-K-0056-1FB414,iot,as-is,K,2026-04-21T17:08:20.679101+00:00,2026-04-21T17:08:20.785207+00:00,success,,,a126311
iot-asis-K-0057-15912F,iot,as-is,K,2026-04-21T17:08:20.887152+00:00,2026-04-21T17:08:20.976717+00:00,success,,,a126311
iot-asis-K-0058-19C4CE,iot,as-is,K,2026-04-21T17:08:21.078665+00:00,2026-04-21T17:08:21.156705+00:00,success,,,a126311
iot-asis-K-0059-043E6E,iot,as-is,K,2026-04-21T17:08:21.259581+00:00,2026-04-21T17:08:21.347881+00:00,success,,,a126311
iot-asis-K-0060-3602D0,iot,as-is,K,2026-04-21T17:08:21.450375+00:00,2026-04-21T17:08:21.528773+00:00,success,,,a126311
iot-asis-K-0061-FE498D,iot,as-is,K,2026-04-21T17:08:21.630618+00:00,2026-04-21T17:08:21.711891+00:00,success,,,a126311
iot-asis-K-0062-0E2CE6,iot,as-is,K,2026-04-21T17:08:21.815369+00:00,2026-04-21T17:08:21.886564+00:00,success,,,a126311
iot-asis-K-0063-D2E710,iot,as-is,K,2026-04-21T17:08:21.990189+00:00,2026-04-21T17:08:22.066349+00:00,success,,,a126311
iot-asis-K-0064-FE561E,iot,as-is,K,2026-04-21T17:08:22.168551+00:00,2026-04-21T17:08:22.253049+00:00,success,,,a126311
iot-asis-K-0065-00D9DA,iot,as-is,K,2026-04-21T17:08:22.355461+00:00,2026-04-21T17:08:22.446573+00:00,success,,,a126311
iot-asis-K-0066-209B04,iot,as-is,K,2026-04-21T17:08:22.549892+00:00,2026-04-21T17:08:22.643788+00:00,success,,,a126311
iot-asis-K-0067-234106,iot,as-is,K,2026-04-21T17:08:22.748314+00:00,2026-04-21T17:08:22.841486+00:00,success,,,a126311
iot-asis-K-0068-F71719,iot,as-is,K,2026-04-21T17:08:22.944041+00:00,2026-04-21T17:08:23.029113+00:00,success,,,a126311
iot-asis-K-0069-D3A004,iot,as-is,K,2026-04-21T17:08:23.131084+00:00,2026-04-21T17:08:23.206954+00:00,success,,,a126311
iot-asis-K-0070-ED63C0,iot,as-is,K,2026-04-21T17:08:23.310119+00:00,2026-04-21T17:08:23.402440+00:00,success,,,a126311
iot-asis-K-0071-E4C167,iot,as-is,K,2026-04-21T17:08:23.505458+00:00,2026-04-21T17:08:23.610594+00:00,success,,,a126311
iot-asis-K-0072-C7578F,iot,as-is,K,2026-04-21T17:08:23.713500+00:00,2026-04-21T17:08:23.801615+00:00,success,,,a126311
iot-asis-K-0073-6896CA,iot,as-is,K,2026-04-21T17:08:23.903766+00:00,2026-04-21T17:08:23.976466+00:00,success,,,a126311
iot-asis-K-0074-664F0B,iot,as-is,K,2026-04-21T17:08:24.079054+00:00,2026-04-21T17:08:24.156108+00:00,success,,,a126311
iot-asis-K-0075-119AE8,iot,as-is,K,2026-04-21T17:08:24.257646+00:00,2026-04-21T17:08:24.344656+00:00,success,,,a126311
iot-asis-K-0076-56F9F2,iot,as-is,K,2026-04-21T17:08:24.447131+00:00,2026-04-21T17:08:24.555840+00:00,success,,,a126311
iot-asis-K-0077-48BD4E,iot,as-is,K,2026-04-21T17:08:24.657996+00:00,2026-04-21T17:08:24.733878+00:00,success,,,a126311
iot-asis-K-0078-BA74FB,iot,as-is,K,2026-04-21T17:08:24.835949+00:00,2026-04-21T17:08:24.909473+00:00,success,,,a126311
iot-asis-K-0079-09D78B,iot,as-is,K,2026-04-21T17:08:25.011348+00:00,2026-04-21T17:08:25.101424+00:00,success,,,a126311
iot-asis-K-0080-CAAC3F,iot,as-is,K,2026-04-21T17:08:25.203371+00:00,2026-04-21T17:08:25.295995+00:00,success,,,a126311
iot-asis-K-0081-DDC687,iot,as-is,K,2026-04-21T17:08:25.398723+00:00,2026-04-21T17:08:25.490212+00:00,success,,,a126311
iot-asis-K-0082-83D51B,iot,as-is,K,2026-04-21T17:08:25.592454+00:00,2026-04-21T17:08:25.660463+00:00,success,,,a126311
iot-asis-K-0083-28E47D,iot,as-is,K,2026-04-21T17:08:25.762532+00:00,2026-04-21T17:08:25.841950+00:00,success,,,a126311
iot-asis-K-0084-5960FD,iot,as-is,K,2026-04-21T17:08:25.945106+00:00,2026-04-21T17:08:26.023315+00:00,success,,,a126311
iot-asis-K-0085-C92481,iot,as-is,K,2026-04-21T17:08:26.125665+00:00,2026-04-21T17:08:26.257925+00:00,success,,,a126311
iot-asis-K-0086-E8F186,iot,as-is,K,2026-04-21T17:08:26.360355+00:00,2026-04-21T17:08:26.448842+00:00,success,,,a126311
iot-asis-K-0087-DC9E15,iot,as-is,K,2026-04-21T17:08:26.552068+00:00,2026-04-21T17:08:26.652148+00:00,success,,,a126311
iot-asis-K-0088-9106C1,iot,as-is,K,2026-04-21T17:08:26.755179+00:00,2026-04-21T17:08:26.841089+00:00,success,,,a126311
iot-asis-K-0089-026EFD,iot,as-is,K,2026-04-21T17:08:26.943045+00:00,2026-04-21T17:08:27.027592+00:00,success,,,a126311
iot-asis-K-0090-DE50D0,iot,as-is,K,2026-04-21T17:08:27.129210+00:00,2026-04-21T17:08:27.207117+00:00,success,,,a126311
iot-asis-K-0091-68CEB1,iot,as-is,K,2026-04-21T17:08:27.309011+00:00,2026-04-21T17:08:27.379848+00:00,success,,,a126311
iot-asis-K-0092-200393,iot,as-is,K,2026-04-21T17:08:27.482577+00:00,2026-04-21T17:08:27.556633+00:00,success,,,a126311
iot-asis-K-0093-A11DB4,iot,as-is,K,2026-04-21T17:08:27.658827+00:00,2026-04-21T17:08:27.731195+00:00,success,,,a126311
iot-asis-K-0094-BC3594,iot,as-is,K,2026-04-21T17:08:27.833843+00:00,2026-04-21T17:08:27.926770+00:00,success,,,a126311
iot-asis-K-0095-9BD050,iot,as-is,K,2026-04-21T17:08:28.028907+00:00,2026-04-21T17:08:28.116332+00:00,success,,,a126311
iot-asis-K-0096-128061,iot,as-is,K,2026-04-21T17:08:28.219290+00:00,2026-04-21T17:08:28.292906+00:00,success,,,a126311
iot-asis-K-0097-25B4CE,iot,as-is,K,2026-04-21T17:08:28.395122+00:00,2026-04-21T17:08:28.474743+00:00,success,,,a126311
iot-asis-K-0098-01437F,iot,as-is,K,2026-04-21T17:08:28.576569+00:00,2026-04-21T17:08:28.689443+00:00,success,,,a126311
iot-asis-K-0099-A3BB6B,iot,as-is,K,2026-04-21T17:08:28.791377+00:00,2026-04-21T17:08:28.858134+00:00,success,,,a126311
iot-asis-K-0100-5F3FBE,iot,as-is,K,2026-04-21T17:08:28.959472+00:00,2026-04-21T17:08:29.033548+00:00,success,,,a126311
iot-asis-K-0101-F6FD5F,iot,as-is,K,2026-04-21T17:08:29.136431+00:00,2026-04-21T17:08:29.226238+00:00,success,,,a126311
iot-asis-K-0102-3828DA,iot,as-is,K,2026-04-21T17:08:29.328337+00:00,2026-04-21T17:08:29.395484+00:00,success,,,a126311
iot-asis-K-0103-FA3BB3,iot,as-is,K,2026-04-21T17:08:29.498050+00:00,2026-04-21T17:08:29.583524+00:00,success,,,a126311
iot-asis-K-0104-0473AA,iot,as-is,K,2026-04-21T17:08:29.685979+00:00,2026-04-21T17:08:29.758512+00:00,success,,,a126311
iot-asis-K-0105-6A6A27,iot,as-is,K,2026-04-21T17:08:29.860674+00:00,2026-04-21T17:08:29.936384+00:00,success,,,a126311
iot-asis-K-0106-064D82,iot,as-is,K,2026-04-21T17:08:30.038617+00:00,2026-04-21T17:08:30.127727+00:00,success,,,a126311
iot-asis-K-0107-4959B5,iot,as-is,K,2026-04-21T17:08:30.229921+00:00,2026-04-21T17:08:30.304385+00:00,success,,,a126311
iot-asis-K-0108-EF4D4E,iot,as-is,K,2026-04-21T17:08:30.406753+00:00,2026-04-21T17:08:30.504879+00:00,success,,,a126311
iot-asis-K-0109-63DC6A,iot,as-is,K,2026-04-21T17:08:30.606699+00:00,2026-04-21T17:08:30.682378+00:00,success,,,a126311
iot-asis-K-0110-E87CB7,iot,as-is,K,2026-04-21T17:08:30.784955+00:00,2026-04-21T17:08:30.856068+00:00,success,,,a126311
iot-asis-K-0111-5791D0,iot,as-is,K,2026-04-21T17:08:30.958582+00:00,2026-04-21T17:08:31.041208+00:00,success,,,a126311
iot-asis-K-0112-A60C0E,iot,as-is,K,2026-04-21T17:08:31.142939+00:00,2026-04-21T17:08:31.226096+00:00,success,,,a126311
iot-asis-K-0113-15B905,iot,as-is,K,2026-04-21T17:08:31.328056+00:00,2026-04-21T17:08:31.409831+00:00,success,,,a126311
iot-asis-K-0114-8EA765,iot,as-is,K,2026-04-21T17:08:31.512133+00:00,2026-04-21T17:08:31.581568+00:00,success,,,a126311
iot-asis-K-0115-EA0C4D,iot,as-is,K,2026-04-21T17:08:31.683840+00:00,2026-04-21T17:08:31.790957+00:00,success,,,a126311
iot-asis-K-0116-87EE25,iot,as-is,K,2026-04-21T17:08:31.894210+00:00,2026-04-21T17:08:31.966806+00:00,success,,,a126311
iot-asis-K-0117-C057B6,iot,as-is,K,2026-04-21T17:08:32.069161+00:00,2026-04-21T17:08:32.148264+00:00,success,,,a126311
iot-asis-K-0118-8333E2,iot,as-is,K,2026-04-21T17:08:32.250633+00:00,2026-04-21T17:08:32.337981+00:00,success,,,a126311
iot-asis-K-0119-996A60,iot,as-is,K,2026-04-21T17:08:32.440652+00:00,2026-04-21T17:08:32.515966+00:00,success,,,a126311
iot-asis-K-0120-4E0509,iot,as-is,K,2026-04-21T17:08:32.617685+00:00,2026-04-21T17:08:32.712229+00:00,success,,,a126311
iot-asis-K-0121-A4BF82,iot,as-is,K,2026-04-21T17:08:32.813550+00:00,2026-04-21T17:08:32.890058+00:00,success,,,a126311
iot-asis-K-0122-FAD349,iot,as-is,K,2026-04-21T17:08:32.991824+00:00,2026-04-21T17:08:33.062342+00:00,success,,,a126311
iot-asis-K-0123-88A563,iot,as-is,K,2026-04-21T17:08:33.163834+00:00,2026-04-21T17:08:33.243073+00:00,success,,,a126311
iot-asis-K-0124-96E674,iot,as-is,K,2026-04-21T17:08:33.345798+00:00,2026-04-21T17:08:33.424862+00:00,success,,,a126311
iot-asis-K-0125-744A6A,iot,as-is,K,2026-04-21T17:08:33.527019+00:00,2026-04-21T17:08:33.598749+00:00,success,,,a126311
iot-asis-K-0126-1DAF35,iot,as-is,K,2026-04-21T17:08:33.700498+00:00,2026-04-21T17:08:33.781989+00:00,success,,,a126311
iot-asis-K-0127-856651,iot,as-is,K,2026-04-21T17:08:33.884072+00:00,2026-04-21T17:08:33.959207+00:00,success,,,a126311
iot-asis-K-0128-2A7B85,iot,as-is,K,2026-04-21T17:08:34.061240+00:00,2026-04-21T17:08:34.134376+00:00,success,,,a126311
iot-asis-K-0129-F84F3B,iot,as-is,K,2026-04-21T17:08:34.236471+00:00,2026-04-21T17:08:34.304266+00:00,success,,,a126311
iot-asis-K-0130-4E4570,iot,as-is,K,2026-04-21T17:08:34.406629+00:00,2026-04-21T17:08:34.492408+00:00,success,,,a126311
iot-asis-K-0131-C599A1,iot,as-is,K,2026-04-21T17:08:34.594755+00:00,2026-04-21T17:08:34.693736+00:00,success,,,a126311
iot-asis-K-0132-47AEE3,iot,as-is,K,2026-04-21T17:08:34.796434+00:00,2026-04-21T17:08:34.884809+00:00,success,,,a126311
iot-asis-K-0133-55C386,iot,as-is,K,2026-04-21T17:08:34.986412+00:00,2026-04-21T17:08:35.060117+00:00,success,,,a126311
iot-asis-K-0134-8AA1AF,iot,as-is,K,2026-04-21T17:08:35.161751+00:00,2026-04-21T17:08:35.242599+00:00,success,,,a126311
iot-asis-K-0135-58A66B,iot,as-is,K,2026-04-21T17:08:35.345433+00:00,2026-04-21T17:08:35.412753+00:00,success,,,a126311
iot-asis-K-0136-A68452,iot,as-is,K,2026-04-21T17:08:35.514737+00:00,2026-04-21T17:08:35.584409+00:00,success,,,a126311
iot-asis-K-0137-6FCC46,iot,as-is,K,2026-04-21T17:08:35.686491+00:00,2026-04-21T17:08:35.761594+00:00,success,,,a126311
iot-asis-K-0138-3C7BED,iot,as-is,K,2026-04-21T17:08:35.863663+00:00,2026-04-21T17:08:35.933483+00:00,success,,,a126311
iot-asis-K-0139-A1275D,iot,as-is,K,2026-04-21T17:08:36.035883+00:00,2026-04-21T17:08:36.120499+00:00,success,,,a126311
iot-asis-K-0140-54657C,iot,as-is,K,2026-04-21T17:08:36.222620+00:00,2026-04-21T17:08:36.302654+00:00,success,,,a126311
iot-asis-K-0141-4799BA,iot,as-is,K,2026-04-21T17:08:36.404497+00:00,2026-04-21T17:08:36.488119+00:00,success,,,a126311
iot-asis-K-0142-733A9E,iot,as-is,K,2026-04-21T17:08:36.589977+00:00,2026-04-21T17:08:36.663757+00:00,success,,,a126311
iot-asis-K-0143-C00E77,iot,as-is,K,2026-04-21T17:08:36.766298+00:00,2026-04-21T17:08:36.850427+00:00,success,,,a126311
iot-asis-K-0144-52A664,iot,as-is,K,2026-04-21T17:08:36.952544+00:00,2026-04-21T17:08:37.021907+00:00,success,,,a126311
iot-asis-K-0145-2A8C79,iot,as-is,K,2026-04-21T17:08:37.123719+00:00,2026-04-21T17:08:37.199322+00:00,success,,,a126311
iot-asis-K-0146-8E3A1A,iot,as-is,K,2026-04-21T17:08:37.301446+00:00,2026-04-21T17:08:37.386055+00:00,success,,,a126311
iot-asis-K-0147-FAFE88,iot,as-is,K,2026-04-21T17:08:37.488091+00:00,2026-04-21T17:08:37.565141+00:00,success,,,a126311
iot-asis-K-0148-BC93F8,iot,as-is,K,2026-04-21T17:08:37.667577+00:00,2026-04-21T17:08:37.756013+00:00,success,,,a126311
iot-asis-K-0149-666EA2,iot,as-is,K,2026-04-21T17:08:37.857918+00:00,2026-04-21T17:08:37.930504+00:00,success,,,a126311
iot-asis-K-0150-2AF5E0,iot,as-is,K,2026-04-21T17:08:38.032220+00:00,2026-04-21T17:08:38.109225+00:00,success,,,a126311
iot-asis-K-0151-5193EE,iot,as-is,K,2026-04-21T17:08:38.211414+00:00,2026-04-21T17:08:38.289558+00:00,success,,,a126311
iot-asis-K-0152-E8B39C,iot,as-is,K,2026-04-21T17:08:38.392326+00:00,2026-04-21T17:08:38.468639+00:00,success,,,a126311
iot-asis-K-0153-E2EA2A,iot,as-is,K,2026-04-21T17:08:38.570312+00:00,2026-04-21T17:08:38.656262+00:00,success,,,a126311
iot-asis-K-0154-0DE22D,iot,as-is,K,2026-04-21T17:08:38.758549+00:00,2026-04-21T17:08:54.679138+00:00,success,,,a126311
iot-asis-K-0155-A512BF,iot,as-is,K,2026-04-21T17:08:54.781385+00:00,2026-04-21T17:08:54.908902+00:00,success,,,a126311
iot-asis-K-0156-CDFD81,iot,as-is,K,2026-04-21T17:08:55.010254+00:00,2026-04-21T17:08:55.096017+00:00,success,,,a126311
iot-asis-K-0157-653868,iot,as-is,K,2026-04-21T17:08:55.197942+00:00,2026-04-21T17:08:55.269124+00:00,success,,,a126311
iot-asis-K-0158-D67A45,iot,as-is,K,2026-04-21T17:08:55.370814+00:00,2026-04-21T17:08:55.459185+00:00,success,,,a126311
iot-asis-K-0159-8F0C73,iot,as-is,K,2026-04-21T17:08:55.561295+00:00,2026-04-21T17:08:55.650008+00:00,success,,,a126311
iot-asis-K-0160-E77AF1,iot,as-is,K,2026-04-21T17:08:55.752808+00:00,2026-04-21T17:08:55.826614+00:00,success,,,a126311
iot-asis-K-0161-8F4528,iot,as-is,K,2026-04-21T17:08:55.928608+00:00,2026-04-21T17:08:56.001142+00:00,success,,,a126311
iot-asis-K-0162-7122A7,iot,as-is,K,2026-04-21T17:08:56.103072+00:00,2026-04-21T17:08:56.197225+00:00,success,,,a126311
iot-asis-K-0163-286D43,iot,as-is,K,2026-04-21T17:08:56.299448+00:00,2026-04-21T17:08:56.403672+00:00,success,,,a126311
iot-asis-K-0164-A36E82,iot,as-is,K,2026-04-21T17:08:56.505795+00:00,2026-04-21T17:08:56.604015+00:00,success,,,a126311
iot-asis-K-0165-C562B1,iot,as-is,K,2026-04-21T17:08:56.706626+00:00,2026-04-21T17:08:56.792633+00:00,success,,,a126311
iot-asis-K-0166-5E45FE,iot,as-is,K,2026-04-21T17:08:56.894937+00:00,2026-04-21T17:08:56.991974+00:00,success,,,a126311
iot-asis-K-0167-3C86D9,iot,as-is,K,2026-04-21T17:08:57.094467+00:00,2026-04-21T17:08:57.172723+00:00,success,,,a126311
iot-asis-K-0168-A55B2D,iot,as-is,K,2026-04-21T17:08:57.274512+00:00,2026-04-21T17:08:57.353771+00:00,success,,,a126311
iot-asis-K-0169-BE030D,iot,as-is,K,2026-04-21T17:08:57.455597+00:00,2026-04-21T17:08:57.531199+00:00,success,,,a126311
iot-asis-K-0170-0AA192,iot,as-is,K,2026-04-21T17:08:57.633761+00:00,2026-04-21T17:08:57.730201+00:00,success,,,a126311
iot-asis-K-0171-D1E24D,iot,as-is,K,2026-04-21T17:08:57.832515+00:00,2026-04-21T17:08:57.911859+00:00,success,,,a126311
iot-asis-K-0172-F96F7A,iot,as-is,K,2026-04-21T17:08:58.013610+00:00,2026-04-21T17:08:58.084926+00:00,success,,,a126311
iot-asis-K-0173-D164BD,iot,as-is,K,2026-04-21T17:08:58.186721+00:00,2026-04-21T17:08:58.277246+00:00,success,,,a126311
iot-asis-K-0174-2A1BB7,iot,as-is,K,2026-04-21T17:08:58.379702+00:00,2026-04-21T17:08:58.450355+00:00,success,,,a126311
iot-asis-K-0175-01D4C3,iot,as-is,K,2026-04-21T17:08:58.554513+00:00,2026-04-21T17:08:58.640225+00:00,success,,,a126311
iot-asis-K-0176-65F3E0,iot,as-is,K,2026-04-21T17:08:58.742983+00:00,2026-04-21T17:08:58.837196+00:00,success,,,a126311
iot-asis-K-0177-7FD0C3,iot,as-is,K,2026-04-21T17:08:58.939217+00:00,2026-04-21T17:08:59.028649+00:00,success,,,a126311
iot-asis-K-0178-EEA050,iot,as-is,K,2026-04-21T17:08:59.130373+00:00,2026-04-21T17:08:59.198267+00:00,success,,,a126311
iot-asis-K-0179-3BF899,iot,as-is,K,2026-04-21T17:08:59.300974+00:00,2026-04-21T17:08:59.384205+00:00,success,,,a126311
iot-asis-K-0180-C307E5,iot,as-is,K,2026-04-21T17:08:59.486897+00:00,2026-04-21T17:08:59.574881+00:00,success,,,a126311
iot-asis-K-0181-891A83,iot,as-is,K,2026-04-21T17:08:59.676677+00:00,2026-04-21T17:08:59.751823+00:00,success,,,a126311
iot-asis-K-0182-14A224,iot,as-is,K,2026-04-21T17:08:59.853554+00:00,2026-04-21T17:08:59.949581+00:00,success,,,a126311
iot-asis-K-0183-ECFD9B,iot,as-is,K,2026-04-21T17:09:00.052883+00:00,2026-04-21T17:09:00.141654+00:00,success,,,a126311
iot-asis-K-0184-F1741F,iot,as-is,K,2026-04-21T17:09:00.244619+00:00,2026-04-21T17:09:00.350706+00:00,success,,,a126311
iot-asis-K-0185-EA2F9F,iot,as-is,K,2026-04-21T17:09:00.453101+00:00,2026-04-21T17:09:00.525423+00:00,success,,,a126311
iot-asis-K-0186-193A3D,iot,as-is,K,2026-04-21T17:09:00.627776+00:00,2026-04-21T17:09:00.693161+00:00,success,,,a126311
iot-asis-K-0187-9D26FC,iot,as-is,K,2026-04-21T17:09:00.796234+00:00,2026-04-21T17:09:00.884674+00:00,success,,,a126311
iot-asis-K-0188-A101F6,iot,as-is,K,2026-04-21T17:09:00.986968+00:00,2026-04-21T17:09:01.068529+00:00,success,,,a126311
iot-asis-K-0189-2F9634,iot,as-is,K,2026-04-21T17:09:01.170314+00:00,2026-04-21T17:09:01.260418+00:00,success,,,a126311
iot-asis-K-0190-CDAF72,iot,as-is,K,2026-04-21T17:09:01.362158+00:00,2026-04-21T17:09:01.437313+00:00,success,,,a126311
iot-asis-K-0191-E7282D,iot,as-is,K,2026-04-21T17:09:01.539081+00:00,2026-04-21T17:09:01.627467+00:00,success,,,a126311
iot-asis-K-0192-D94F15,iot,as-is,K,2026-04-21T17:09:01.729614+00:00,2026-04-21T17:09:01.801858+00:00,success,,,a126311
iot-asis-K-0193-4671F2,iot,as-is,K,2026-04-21T17:09:01.904614+00:00,2026-04-21T17:09:01.976116+00:00,success,,,a126311
iot-asis-K-0194-DBB2BA,iot,as-is,K,2026-04-21T17:09:02.077836+00:00,2026-04-21T17:09:02.152891+00:00,success,,,a126311
iot-asis-K-0195-2F4F56,iot,as-is,K,2026-04-21T17:09:02.256560+00:00,2026-04-21T17:09:02.349134+00:00,success,,,a126311
iot-asis-K-0196-DCB1FB,iot,as-is,K,2026-04-21T17:09:02.451283+00:00,2026-04-21T17:09:02.522477+00:00,success,,,a126311
iot-asis-K-0197-C5CD83,iot,as-is,K,2026-04-21T17:09:02.624440+00:00,2026-04-21T17:09:02.733692+00:00,success,,,a126311
iot-asis-K-0198-D88DAD,iot,as-is,K,2026-04-21T17:09:02.835797+00:00,2026-04-21T17:09:02.911010+00:00,success,,,a126311
iot-asis-K-0199-069480,iot,as-is,K,2026-04-21T17:09:03.013458+00:00,2026-04-21T17:09:03.078760+00:00,success,,,a126311
